0.82644394 0.91138086 0.70135131 0.72632538 -0.32251135 -0.26632105 0.80804645 -0.57734066 -0.19227918 0.12554947 0.64833415 0.01064537 -0.39720727 0.60454618 -0.57659483 -0.65302995 -0.97828781 -0.48181062 -0.75381255 -0.63464919 0.70326716 0.68325550 0.86894424 0.88572873 -0.39518713 0.73792659 0.68285692 0.87525687 0.34200343 0.93606813 0.77662443 0.97070141 0.51233455 0.86775591 -0.08356684 0.13935453
0.00000000 -0.38043584 -0.30164026 0.16677270 -0.04827348 0.27405263 0.57106940 -0.66446356 -0.05020162 -0.19455802 -0.28107374 0.08385328 0.32323303 -0.16509168 -0.17477388 0.14440112 0.00061107 0.38867663 -0.49787064 0.18807552 0.30189854 -0.07870738 -0.94716617 -0.84316107 -0.38519357 0.66778647 0.70183100 -0.47532815 -0.74270893 -0.21903094 -0.68825150 0.17299775 0.66283894 0.55395770 -0.29707687 0.58797267
0.00000000 0.00000000 -0.83037540 0.73617880 -0.42330459 0.39392880 -0.82194445 -0.44626279 0.56347623 0.63834018 -0.22287648 -0.35064475 0.47451298 -0.26338071 -0.75245742 -0.93479075 -0.03577970 -0.30634249 -0.60489281 0.04788492 -0.39994137 -0.19958696 0.70740530 0.70263433 0.06584120 -0.88961427 -0.57143064 0.60458087 0.51042146 -0.95444574 -0.92730249 0.62928012 0.82231953 0.06293258 -0.44600828 0.33362208
0.00000000 0.00000000 0.00000000 -0.45467413 0.69487711 -0.74675794 0.77870108 0.01660243 0.99047253 0.65077398 0.19893842 -0.02041884 0.11657991 -0.20405482 0.06383842 0.37852757 0.57848483 -0.93499569 -0.74558357 0.04723715 0.68463532 -0.52647701 -0.19241137 0.27462010 0.63758026 0.58497538 0.79536608 -0.89122326 -0.90734450 -0.57309917 -0.87715652 0.37584296 -0.95210707 -0.27946370 0.43058266 0.69382814
0.00000000 0.00000000 0.00000000 0.00000000 -0.88318957 -0.03214596 0.03365930 0.70366061 0.95165027 -0.80521398 0.15150498 -0.14185489 -0.14508981 0.61699534 0.41171864 -0.33497335 -0.10131156 -0.97891971 -0.78394033 0.39632684 -0.57102961 0.41781958 -0.38816512 0.08665854 -0.32488112 -0.95129941 -0.12105140 0.66380490 -0.81376686 -0.88636256 -0.36704840 -0.75564485 -0.06862330 -0.69183670 0.37268766 -0.75410752
0.00000000 0.00000000 0.00000000 0.00000000 0.00000000 0.50710264 -0.28661521 0.52300141 -0.80321859 0.47062088 0.29529418 -0.31696661 -0.90974655 0.67947343 -0.76148211 0.68135578 0.11125270 0.15093706 -0.30309430 0.08569832 0.06208222 0.78174216 -0.06107746 -0.38370052 -0.10870894 0.58374585 -0.94881494 0.03896655 0.50030600 -0.85289042 0.40984565 0.56316986 -0.65620474 0.57393056 -0.48578543 -0.24914444
0.00000000 0.00000000 0.00000000 0.00000000 0.00000000 0.00000000 0.86007973 -0.12284167 -0.07071247 0.42641040 0.87292941 0.92465447 -0.71807185 -0.19548538 -0.50654295 0.66219407 0.90614478 0.94739493 0.80486170 0.06558846 -0.04958766 -0.84926886 -0.75430157 -0.83941297 0.96335763 -0.48019704 -0.62048509 0.97273820 0.58462325 -0.94937963 -0.13124869 -0.81518867 -0.49106015 0.89690607 0.39085139 -0.51184709
0.00000000 0.00000000 0.00000000 0.00000000 0.00000000 0.00000000 0.00000000 -0.17873977 -0.46216866 0.50976229 0.88819104 -0.60172217 0.70592469 0.06248731 0.35425182 -0.75829215 0.52552055 0.53731565 0.81919984 0.56153181 -0.97644398 0.95050179 0.07304297 0.26700419 0.06087665 -0.80289293 0.07425328 0.76084060 -0.39630040 -0.67002049 0.22609637 -0.33961331 0.24019626 -0.61408892 -0.31111650 -0.85648896
0.00000000 0.00000000 0.00000000 0.00000000 0.00000000 0.00000000 0.00000000 0.00000000 -0.06193609 -0.60032019 0.37157481 -0.54258867 -0.57954718 -0.08024909 0.12016924 -0.04207542 -0.11850703 -0.44387464 -0.73938911 -0.29769008 -0.08969303 -0.22618968 -0.89007437 -0.09685540 0.36187943 0.83295367 0.33947232 0.84990235 -0.96270400 0.63910697 -0.37314388 0.82050531 0.56476281 -0.25361510 -0.55694739 0.02699949
0.00000000 0.00000000 0.00000000 0.00000000 0.00000000 0.00000000 0.00000000 0.00000000 0.00000000 -0.76042966 0.48560968 0.60833578 0.29744254 0.63904023 0.01952311 0.91240221 -0.80011783 -0.58059033 -0.43258188 -0.46001215 0.61814185 -0.18362621 -0.87673863 -0.81461276 0.80125764 -0.21167396 -0.96238094 -0.28679798 0.50410804 -0.76188252 -0.37762558 -0.06147225 0.96975748 0.74273424 -0.26152808 -0.58710097
0.00000000 0.00000000 0.00000000 0.00000000 0.00000000 0.00000000 0.00000000 0.00000000 0.00000000 0.00000000 0.41743250 0.15453665 0.74994097 0.95515976 -0.44349598 -0.31248568 0.21364007 -0.70268064 0.66258857 0.09938298 -0.03369001 -0.59067247 0.54852711 -0.58137256 -0.35617861 0.32363523 -0.83293885 -0.21276222 -0.84419182 0.92687719 0.65154639 0.03486753 0.23506149 -0.82119470 0.99240681 -0.88647624
0.00000000 0.00000000 0.00000000 0.00000000 0.00000000 0.00000000 0.00000000 0.00000000 0.00000000 0.00000000 0.00000000 0.81543495 0.57388293 -0.55726071 -0.75321014 -0.03961086 0.89900320 -0.01150033 -0.64030111 0.04623331 -0.47911537 0.47656465 -0.60114335 -0.28996049 -0.72890062 -0.10938122 0.36386401 -0.92079738 0.36999652 0.75605950 0.17162759 0.57926855 -0.85672428 0.81859274 0.30162070 -0.97630416
0.00000000 0.00000000 0.00000000 0.00000000 0.00000000 0.00000000 0.00000000 0.00000000 0.00000000 0.00000000 0.00000000 0.00000000 0.37298091 -0.95080963 -0.56917893 0.19990177 -0.05755522 0.35759488 0.13723033 0.80623278 -0.83140690 -0.53048742 -0.22825571 -0.51548759 0.35871169 0.86074332 0.70240646 0.36585619 -0.69714170 0.28646079 -0.18781597 0.75465003 0.79334265 0.57566637 -0.46996306 -0.42152558
0.00000000 0.00000000 0.00000000 0.00000000 0.00000000 0.00000000 0.00000000 0.00000000 0.00000000 0.00000000 0.00000000 0.00000000 0.00000000 -0.43121649 -0.76459918 -0.26354641 0.79656399 -0.61610257 0.18130548 0.20364018 0.16441160 -0.46600515 -0.31718680 0.53089701 0.09148638 -0.58066238 -0.12178739 0.05479247 -0.20097598 0.00123976 0.87602935 0.51830577 -0.76570785 0.98321120 0.93147607 0.47080724
0.00000000 0.00000000 0.00000000 0.00000000 0.00000000 0.00000000 0.00000000 0.00000000 0.00000000 0.00000000 0.00000000 0.00000000 0.00000000 0.00000000 0.26626224 0.99390604 -0.75424744 0.24795031 0.10113528 -0.97507668 -0.30853498 -0.82474694 -0.79435007 -0.49985693 -0.82658304 0.56427613 0.20591911 -0.78031242 0.04545503 -0.63662872 0.40586246 -0.14816052 -0.24503544 -0.23595814 0.37790416 -0.06589972
0.00000000 0.00000000 0.00000000 0.00000000 0.00000000 0.00000000 0.00000000 0.00000000 0.00000000 0.00000000 0.00000000 0.00000000 0.00000000 0.00000000 0.00000000 -0.24538792 0.63325078 -0.86957617 0.03001498 0.75671481 -0.48257792 0.72626871 -0.69925137 -0.26561186 0.32328905 0.59356667 0.95573470 -0.69209443 0.77684400 -0.11798987 -0.55863198 0.10269869 -0.71026240 0.88982894 0.09511536 -0.07512878
0.00000000 0.00000000 0.00000000 0.00000000 0.00000000 0.00000000 0.00000000 0.00000000 0.00000000 0.00000000 0.00000000 0.00000000 0.00000000 0.00000000 0.00000000 0.00000000 0.44508872 0.01911212 -0.12457243 0.37266489 -0.92132751 -0.01856563 -0.39068682 -0.76499477 -0.37003322 -0.61861390 0.74786588 -0.84469930 0.74190728 -0.84794987 -0.77795796 0.95581368 -0.45305946 -0.72257910 0.67755543 -0.17270147
0.00000000 0.00000000 0.00000000 0.00000000 0.00000000 0.00000000 0.00000000 0.00000000 0.00000000 0.00000000 0.00000000 0.00000000 0.00000000 0.00000000 0.00000000 0.00000000 0.00000000 -0.56549820 0.53257799 0.76224195 0.57367351 0.11517864 0.72829902 0.93282345 0.74621516 -0.40445522 0.71391080 -0.29033698 0.19887519 -0.09732052 -0.40314097 -0.49109026 0.42223962 0.18204345 -0.04216599 0.72155987
0.00000000 0.00000000 0.00000000 0.00000000 0.00000000 0.00000000 0.00000000 0.00000000 0.00000000 0.00000000 0.00000000 0.00000000 0.00000000 0.00000000 0.00000000 0.00000000 0.00000000 0.00000000 -0.47082637 -0.42972299 -0.99950966 0.85855064 0.56765908 0.29507497 -0.74685111 -0.59110215 0.86651887 -0.59881501 0.72981151 -0.98699095 0.28750632 -0.22230548 0.18727583 -0.57495855 0.70379773 0.37127694
0.00000000 0.00000000 0.00000000 0.00000000 0.00000000 0.00000000 0.00000000 0.00000000 0.00000000 0.00000000 0.00000000 0.00000000 0.00000000 0.00000000 0.00000000 0.00000000 0.00000000 0.00000000 0.00000000 -0.64266182 -0.34971397 0.78219051 -0.90257049 -0.10137587 0.30808275 0.47246560 0.28739823 -0.62573343 -0.04391038 0.49999908 0.49971056 -0.21182164 0.91842735 0.99420228 0.72221706 -0.02857514
0.00000000 0.00000000 0.00000000 0.00000000 0.00000000 0.00000000 0.00000000 0.00000000 0.00000000 0.00000000 0.00000000 0.00000000 0.00000000 0.00000000 0.00000000 0.00000000 0.00000000 0.00000000 0.00000000 0.00000000 -0.55383352 -0.34182616 0.70943096 -0.80614972 -0.19383084 -0.32031692 -0.30013676 -0.29645284 -0.85165584 -0.14430914 -0.32547314 0.81916506 -0.47245077 0.00661390 -0.47493515 -0.90234314
0.00000000 0.00000000 0.00000000 0.00000000 0.00000000 0.00000000 0.00000000 0.00000000 0.00000000 0.00000000 0.00000000 0.00000000 0.00000000 0.00000000 0.00000000 0.00000000 0.00000000 0.00000000 0.00000000 0.00000000 0.00000000 0.63386560 -0.85856507 -0.85376595 -0.09354288 -0.43711017 -0.38149178 -0.42953690 -0.30470919 -0.56626930 0.50683742 -0.51594742 -0.02622634 0.47317476 0.34343057 -0.81562743
0.00000000 0.00000000 0.00000000 0.00000000 0.00000000 0.00000000 0.00000000 0.00000000 0.00000000 0.00000000 0.00000000 0.00000000 0.00000000 0.00000000 0.00000000 0.00000000 0.00000000 0.00000000 0.00000000 0.00000000 0.00000000 0.00000000 -0.37553260 0.15862773 0.76344567 -0.28623056 0.99699509 -0.96171315 -0.87899001 0.00252647 -0.17464861 -0.94749014 -0.99550846 0.11474883 -0.02582729 0.72662106
0.00000000 0.00000000 0.00000000 0.00000000 0.00000000 0.00000000 0.00000000 0.00000000 0.00000000 0.00000000 0.00000000 0.00000000 0.00000000 0.00000000 0.00000000 0.00000000 0.00000000 0.00000000 0.00000000 0.00000000 0.00000000 0.00000000 0.00000000 0.73364505 0.32524894 0.48938534 0.89644411 0.59049529 -0.74545994 -0.58221107 -0.56234265 0.24582637 -0.66795100 -0.94342256 0.38649568 0.87462370
0.00000000 0.00000000 0.00000000 0.00000000 0.00000000 0.00000000 0.00000000 0.00000000 0.00000000 0.00000000 0.00000000 0.00000000 0.00000000 0.00000000 0.00000000 0.00000000 0.00000000 0.00000000 0.00000000 0.00000000 0.00000000 0.00000000 0.00000000 0.00000000 0.83781715 0.66061145 -0.10658266 0.63876444 0.42696506 0.09601943 -0.43547671 0.32127235 0.05717912 0.48408907 -0.45499222 0.64197662
0.00000000 0.00000000 0.00000000 0.00000000 0.00000000 0.00000000 0.00000000 0.00000000 0.00000000 0.00000000 0.00000000 0.00000000 0.00000000 0.00000000 0.00000000 0.00000000 0.00000000 0.00000000 0.00000000 0.00000000 0.00000000 0.00000000 0.00000000 0.00000000 0.00000000 0.42435587 -0.59925495 -0.95464717 -0.70913692 -0.89022804 -0.83056963 -0.16785174 0.66837807 -0.22383803 -0.63928779 -0.91779745
0.00000000 0.00000000 0.00000000 0.00000000 0.00000000 0.00000000 0.00000000 0.00000000 0.00000000 0.00000000 0.00000000 0.00000000 0.00000000 0.00000000 0.00000000 0.00000000 0.00000000 0.00000000 0.00000000 0.00000000 0.00000000 0.00000000 0.00000000 0.00000000 0.00000000 0.00000000 0.26456371 -0.67972591 -0.21599721 0.00409336 -0.84604964 -0.43194121 -0.75005241 -0.55138995 -0.70657627 -0.59612363
0.00000000 0.00000000 0.00000000 0.00000000 0.00000000 0.00000000 0.00000000 0.00000000 0.00000000 0.00000000 0.00000000 0.00000000 0.00000000 0.00000000 0.00000000 0.00000000 0.00000000 0.00000000 0.00000000 0.00000000 0.00000000 0.00000000 0.00000000 0.00000000 0.00000000 0.00000000 0.00000000 -0.24021446 -0.03875025 0.40222283 0.99233196 0.83251084 -0.55699519 -0.71128962 0.24705701 0.61642872
0.00000000 0.00000000 0.00000000 0.00000000 0.00000000 0.00000000 0.00000000 0.00000000 0.00000000 0.00000000 0.00000000 0.00000000 0.00000000 0.00000000 0.00000000 0.00000000 0.00000000 0.00000000 0.00000000 0.00000000 0.00000000 0.00000000 0.00000000 0.00000000 0.00000000 0.00000000 0.00000000 0.00000000 -0.16182170 0.78889885 0.41813805 0.47918562 0.60055880 -0.72699851 0.08267318 -0.14125103
0.00000000 0.00000000 0.00000000 0.00000000 0.00000000 0.00000000 0.00000000 0.00000000 0.00000000 0.00000000 0.00000000 0.00000000 0.00000000 0.00000000 0.00000000 0.00000000 0.00000000 0.00000000 0.00000000 0.00000000 0.00000000 0.00000000 0.00000000 0.00000000 0.00000000 0.00000000 0.00000000 0.00000000 0.00000000 0.06438442 0.52524519 -0.81766419 0.42799502 -0.64640324 0.69904756 0.64794859
0.00000000 0.00000000 0.00000000 0.00000000 0.00000000 0.00000000 0.00000000 0.00000000 0.00000000 0.00000000 0.00000000 0.00000000 0.00000000 0.00000000 0.00000000 0.00000000 0.00000000 0.00000000 0.00000000 0.00000000 0.00000000 0.00000000 0.00000000 0.00000000 0.00000000 0.00000000 0.00000000 0.00000000 0.00000000 0.00000000 -0.95787575 0.83547839 -0.07190393 -0.07296178 0.24510013 0.55999423
0.00000000 0.00000000 0.00000000 0.00000000 0.00000000 0.00000000 0.00000000 0.00000000 0.00000000 0.00000000 0.00000000 0.00000000 0.00000000 0.00000000 0.00000000 0.00000000 0.00000000 0.00000000 0.00000000 0.00000000 0.00000000 0.00000000 0.00000000 0.00000000 0.00000000 0.00000000 0.00000000 0.00000000 0.00000000 0.00000000 0.00000000 0.88474375 -0.64928683 0.44275728 0.50518353 -0.83737245
0.00000000 0.00000000 0.00000000 0.00000000 0.00000000 0.00000000 0.00000000 0.00000000 0.00000000 0.00000000 0.00000000 0.00000000 0.00000000 0.00000000 0.00000000 0.00000000 0.00000000 0.00000000 0.00000000 0.00000000 0.00000000 0.00000000 0.00000000 0.00000000 0.00000000 0.00000000 0.00000000 0.00000000 0.00000000 0.00000000 0.00000000 0.00000000 -0.52080178 0.54885125 -0.68573213 -0.54524464
0.00000000 0.00000000 0.00000000 0.00000000 0.00000000 0.00000000 0.00000000 0.00000000 0.00000000 0.00000000 0.00000000 0.00000000 0.00000000 0.00000000 0.00000000 0.00000000 0.00000000 0.00000000 0.00000000 0.00000000 0.00000000 0.00000000 0.00000000 0.00000000 0.00000000 0.00000000 0.00000000 0.00000000 0.00000000 0.00000000 0.00000000 0.00000000 0.00000000 -0.45327175 0.86158100 0.42894907
0.00000000 0.00000000 0.00000000 0.00000000 0.00000000 0.00000000 0.00000000 0.00000000 0.00000000 0.00000000 0.00000000 0.00000000 0.00000000 0.00000000 0.00000000 0.00000000 0.00000000 0.00000000 0.00000000 0.00000000 0.00000000 0.00000000 0.00000000 0.00000000 0.00000000 0.00000000 0.00000000 0.00000000 0.00000000 0.00000000 0.00000000 0.00000000 0.00000000 0.00000000 -0.42654537 -0.70341265
0.00000000 0.00000000 0.00000000 0.00000000 0.00000000 0.00000000 0.00000000 0.00000000 0.00000000 0.00000000 0.00000000 0.00000000 0.00000000 0.00000000 0.00000000 0.00000000 0.00000000 0.00000000 0.00000000 0.00000000 0.00000000 0.00000000 0.00000000 0.00000000 0.00000000 0.00000000 0.00000000 0.00000000 0.00000000 0.00000000 0.00000000 0.00000000 0.00000000 0.00000000 0.00000000 0.18372244
