0.12320742 0.80401423 -0.98399715 0.30111471 -0.94424956 0.60525512 -0.81751489 0.62431262 -0.94797344 -0.00172133 -0.49532137 0.83917350 0.71397861 -0.88933007 -0.04857443 0.01998120 0.85627979 -0.46048617 0.64001951 -0.43618204 -0.56722229 -0.13424861 0.91822203 -0.62924126 -0.69219228 -0.53303521 -0.79298401 0.92896893
0.00000000 -0.56921072 0.17096506 -0.04329221 0.95426356 -0.91305460 0.73026052 0.30201425 -0.87803393 -0.30976483 0.67582159 0.18831426 -0.10608381 -0.41789347 0.09013878 0.63060443 -0.99095089 0.94645698 0.80942753 -0.48483601 0.46665229 -0.24958989 0.75278206 -0.97024462 0.18242327 -0.22501477 0.24960993 0.59200726
0.00000000 0.00000000 0.66815408 0.90196952 0.72210766 0.43347921 0.33386281 0.28794541 0.75486050 0.32033916 -0.79325974 0.95760939 -0.73269371 0.10141247 0.12655435 -0.59072120 -0.15473335 -0.78389759 -0.04621568 -0.62043988 -0.71128410 0.29348889 0.73775511 0.92677268 0.72381477 0.94785675 -0.86133574 -0.07064903
0.00000000 0.00000000 0.00000000 0.41988523 0.10244027 -0.37150284 0.68881475 -0.08308740 0.21751628 0.58727029 -0.33745001 -0.16708503 0.23382439 0.40807431 0.88152869 0.53655847 0.40002509 0.74122986 0.37439104 0.50375321 0.19089764 -0.56856611 0.91960637 -0.41017229 0.58999363 0.11530517 0.03195011 -0.28430044
0.00000000 0.00000000 0.00000000 0.00000000 0.06614161 0.44748636 -0.02748686 -0.73179827 0.68026901 -0.42188896 0.32281530 0.39746707 0.78237291 0.61113716 0.42496816 0.34551793 -0.19732329 0.80622382 0.28642769 0.17154558 -0.49774797 0.17725302 -0.40615746 0.48163334 0.86346005 0.32646584 -0.78933577 0.46210760
0.00000000 0.00000000 0.00000000 0.00000000 0.00000000 0.88597528 0.91448983 -0.83345359 -0.54523708 -0.94799283 -0.80192797 -0.76167932 -0.54242813 0.58512776 -0.23243382 -0.28294246 -0.55937144 -0.93794103 -0.04711295 -0.77492998 -0.86542902 0.89892314 -0.62180662 0.41669440 -0.18848913 -0.38297351 0.79497567 0.64828010
0.00000000 0.00000000 0.00000000 0.00000000 0.00000000 0.00000000 -0.19959915 0.86292162 0.05662514 0.46399876 -0.32383184 -0.21864021 -0.06003058 -0.68042318 0.57087058 0.07221045 -0.10543801 0.79309221 -0.79155590 -0.26623728 0.90130040 0.41450393 0.01471656 -0.12261204 0.69970569 0.07599993 0.24458237 0.02704252
0.00000000 0.00000000 0.00000000 0.00000000 0.00000000 0.00000000 0.00000000 0.03894191 0.24098601 -0.29338543 -0.96089161 -0.59022959 -0.50904619 -0.21341531 -0.04804396 -0.31392256 -0.48037756 0.40439062 -0.63003025 -0.55531386 0.07498569 0.80630661 0.66521045 0.08537690 0.47385488 -0.41679072 -0.44020801 -0.46433352
0.00000000 0.00000000 0.00000000 0.00000000 0.00000000 0.00000000 0.00000000 0.00000000 0.64299447 0.05903370 0.93752961 0.90672794 0.96408051 -0.71057060 -0.25904042 0.92628678 -0.46585762 0.50772570 -0.59041326 0.89090172 0.30517985 -0.08860919 0.00607487 0.71774457 0.77221858 -0.92810756 -0.71849322 -0.10418320
0.00000000 0.00000000 0.00000000 0.00000000 0.00000000 0.00000000 0.00000000 0.00000000 0.00000000 -0.95999278 0.64524162 -0.65082541 -0.86414218 -0.53759743 -0.21048664 0.42124565 -0.46699084 0.19880881 0.39880025 0.98721223 0.27071826 -0.98460884 -0.29140261 0.91888228 -0.29755357 -0.70049432 -0.02017334 0.10380053
0.00000000 0.00000000 0.00000000 0.00000000 0.00000000 0.00000000 0.00000000 0.00000000 0.00000000 0.00000000 0.86261662 -0.69177417 0.69054082 0.31523909 -0.49572484 0.56927401 -0.77490688 -0.39995242 -0.15416435 -0.05064234 0.18659584 -0.20161540 0.86793113 0.31629923 0.67396573 0.04125269 0.80165891 0.81138756
0.00000000 0.00000000 0.00000000 0.00000000 0.00000000 0.00000000 0.00000000 0.00000000 0.00000000 0.00000000 0.00000000 -0.26777357 0.61096591 0.11190884 0.57897356 0.43143735 -0.20519078 -0.33812782 -0.88589313 -0.41651179 0.77537016 -0.91576527 -0.24487315 0.79987924 -0.33687893 0.13781575 -0.12106207 0.69223912
0.00000000 0.00000000 0.00000000 0.00000000 0.00000000 0.00000000 0.00000000 0.00000000 0.00000000 0.00000000 0.00000000 0.00000000 -0.31752578 -0.23409091 0.44535183 0.53810086 -0.51236581 0.81365757 0.34562189 -0.66334087 0.73434795 0.53213266 0.70254560 -0.04343355 -0.46735942 -0.25194646 -0.96817305 -0.86953678
0.00000000 0.00000000 0.00000000 0.00000000 0.00000000 0.00000000 0.00000000 0.00000000 0.00000000 0.00000000 0.00000000 0.00000000 0.00000000 0.84379784 0.21834199 -0.86753392 -0.75690407 0.89946825 0.95298707 -0.17033796 0.44830853 0.31706901 -0.26569013 -0.64712880 0.02959628 0.45159448 0.05132618 -0.74940889
0.00000000 0.00000000 0.00000000 0.00000000 0.00000000 0.00000000 0.00000000 0.00000000 0.00000000 0.00000000 0.00000000 0.00000000 0.00000000 0.00000000 0.12823996 -0.07450003 0.01663155 0.45666370 0.24777102 -0.00637911 0.97064395 -0.44572030 -0.17428950 -0.52002710 -0.64518520 -0.84323398 0.20300457 0.12390309
0.00000000 0.00000000 0.00000000 0.00000000 0.00000000 0.00000000 0.00000000 0.00000000 0.00000000 0.00000000 0.00000000 0.00000000 0.00000000 0.00000000 0.00000000 0.84487867 0.68877190 -0.12231726 -0.95600999 -0.97547569 0.04772642 0.48459616 0.28550678 -0.57131420 0.51070460 0.34388370 0.07037433 0.79548281
0.00000000 0.00000000 0.00000000 0.00000000 0.00000000 0.00000000 0.00000000 0.00000000 0.00000000 0.00000000 0.00000000 0.00000000 0.00000000 0.00000000 0.00000000 0.00000000 -0.35149285 -0.16121940 0.11548259 0.99814349 -0.99094114 -0.23102711 0.93009106 -0.52334823 -0.26087335 0.82293675 -0.13517327 -0.71823351
0.00000000 0.00000000 0.00000000 0.00000000 0.00000000 0.00000000 0.00000000 0.00000000 0.00000000 0.00000000 0.00000000 0.00000000 0.00000000 0.00000000 0.00000000 0.00000000 0.00000000 -0.69870073 -0.05634128 0.29047387 -0.96523852 -0.57279555 -0.75930276 0.19439365 -0.13765898 -0.44464179 0.45711326 0.86564054
0.00000000 0.00000000 0.00000000 0.00000000 0.00000000 0.00000000 0.00000000 0.00000000 0.00000000 0.00000000 0.00000000 0.00000000 0.00000000 0.00000000 0.00000000 0.00000000 0.00000000 0.00000000 0.33115135 -0.75208711 -0.72183530 -0.95772450 -0.69530199 -0.28498872 0.19725048 0.75425679 0.66914657 0.68488459
0.00000000 0.00000000 0.00000000 0.00000000 0.00000000 0.00000000 0.00000000 0.00000000 0.00000000 0.00000000 0.00000000 0.00000000 0.00000000 0.00000000 0.00000000 0.00000000 0.00000000 0.00000000 0.00000000 0.45295988 -0.25155828 -0.84548324 0.05776814 0.02648324 -0.57712958 0.19196980 -0.41129456 0.50470650
0.00000000 0.00000000 0.00000000 0.00000000 0.00000000 0.00000000 0.00000000 0.00000000 0.00000000 0.00000000 0.00000000 0.00000000 0.00000000 0.00000000 0.00000000 0.00000000 0.00000000 0.00000000 0.00000000 0.00000000 0.62188429 0.99174795 0.82417270 -0.75279327 -0.66065038 0.21259254 -0.56977168 -0.42790328
0.00000000 0.00000000 0.00000000 0.00000000 0.00000000 0.00000000 0.00000000 0.00000000 0.00000000 0.00000000 0.00000000 0.00000000 0.00000000 0.00000000 0.00000000 0.00000000 0.00000000 0.00000000 0.00000000 0.00000000 0.00000000 0.34637405 -0.07246685 0.94474252 -0.53265184 0.44747244 0.57765893 0.84793017
0.00000000 0.00000000 0.00000000 0.00000000 0.00000000 0.00000000 0.00000000 0.00000000 0.00000000 0.00000000 0.00000000 0.00000000 0.00000000 0.00000000 0.00000000 0.00000000 0.00000000 0.00000000 0.00000000 0.00000000 0.00000000 0.00000000 -0.73862395 -0.66931898 -0.64121132 -0.41903469 0.65840019 0.49802462
0.00000000 0.00000000 0.00000000 0.00000000 0.00000000 0.00000000 0.00000000 0.00000000 0.00000000 0.00000000 0.00000000 0.00000000 0.00000000 0.00000000 0.00000000 0.00000000 0.00000000 0.00000000 0.00000000 0.00000000 0.00000000 0.00000000 0.00000000 -0.92363623 -0.55459048 0.68726087 0.36159718 -0.34868605
0.00000000 0.00000000 0.00000000 0.00000000 0.00000000 0.00000000 0.00000000 0.00000000 0.00000000 0.00000000 0.00000000 0.00000000 0.00000000 0.00000000 0.00000000 0.00000000 0.00000000 0.00000000 0.00000000 0.00000000 0.00000000 0.00000000 0.00000000 0.00000000 0.88152853 0.88014660 -0.24965091 -0.10150131
0.00000000 0.00000000 0.00000000 0.00000000 0.00000000 0.00000000 0.00000000 0.00000000 0.00000000 0.00000000 0.00000000 0.00000000 0.00000000 0.00000000 0.00000000 0.00000000 0.00000000 0.00000000 0.00000000 0.00000000 0.00000000 0.00000000 0.00000000 0.00000000 0.00000000 -0.22022988 -0.25216680 -0.60705713
0.00000000 0.00000000 0.00000000 0.00000000 0.00000000 0.00000000 0.00000000 0.00000000 0.00000000 0.00000000 0.00000000 0.00000000 0.00000000 0.00000000 0.00000000 0.00000000 0.00000000 0.00000000 0.00000000 0.00000000 0.00000000 0.00000000 0.00000000 0.00000000 0.00000000 0.00000000 -0.13904590 -0.90942851
0.00000000 0.00000000 0.00000000 0.00000000 0.00000000 0.00000000 0.00000000 0.00000000 0.00000000 0.00000000 0.00000000 0.00000000 0.00000000 0.00000000 0.00000000 0.00000000 0.00000000 0.00000000 0.00000000 0.00000000 0.00000000 0.00000000 0.00000000 0.00000000 0.00000000 0.00000000 0.00000000 -0.05068341
