-0.20610380 0.13351739 0.11043438 0.01543064 -0.52267027 0.87045600 0.44764214 -0.28618326 0.75280749 0.23710621 -0.81560483 0.98768892 -0.12261314 0.94963065 -0.39875105 0.94607347 0.42610302 -0.58633926 0.26902583 -0.72495607 -0.66708121 0.83639736 0.82040266 0.21026557 -0.41417179 -0.10580926 -0.20698669 0.60388619 -0.88628375 0.53485380 -0.74114422 -0.81233121 0.14822619 0.73060858 -0.79756333 0.38757838 -0.37541800 -0.69587162 -0.22153187 0.92483608
0.00000000 -0.94809165 0.60079697 -0.87530076 0.17563163 0.84510062 -0.20779926 -0.50240898 0.05012886 0.15450223 -0.13568349 0.31234011 -0.04579819 0.22804324 0.57041796 -0.58910521 0.10456514 -0.00555614 0.70345595 -0.98201710 0.87645779 -0.50148753 -0.08150317 0.00406653 -0.56588797 0.49936553 -0.60833612 -0.70071728 -0.31507292 -0.11816814 -0.77339044 0.56065962 -0.99652485 -0.83047399 -0.21573834 -0.30188172 -0.99656101 -0.79432076 -0.79783474 -0.03376839
0.00000000 0.00000000 0.29856610 0.47817284 0.99198783 0.58527766 0.45491340 0.26941522 -0.62824250 0.26335062 0.58867842 -0.04730557 -0.69030065 -0.11443849 0.32753167 -0.01078801 -0.16238772 0.78110375 -0.22623123 0.23602118 0.05683923 0.45870263 -0.98039216 -0.55541469 0.10320218 -0.39089145 0.75265582 0.38844770 -0.06448828 0.95722063 0.01045631 -0.27020122 -0.32213503 0.33227981 0.35072356 -0.01774863 0.84143019 0.34659627 0.78802306 -0.64629014
0.00000000 0.00000000 0.00000000 -0.27258129 -0.55358626 -0.01221618 -0.32358314 0.36907965 -0.38093933 0.39826239 0.98573564 0.57468434 -0.80051164 0.15017222 0.39740561 0.03284094 -0.90521964 -0.23987215 0.35050502 -0.23001833 -0.45603405 -0.52690888 -0.12360781 0.83836518 -0.67477553 0.29645056 0.82708040 0.95637692 -0.22833232 -0.50650455 -0.46300940 0.58008203 0.64790353 0.77834983 0.17894880 -0.13250748 -0.29247913 -0.76800687 0.71427999 0.85720441
0.00000000 0.00000000 0.00000000 0.00000000 0.71826328 -0.18225769 -0.72889227 -0.27650420 0.62420709 0.90120590 -0.90577687 0.82284742 -0.28018617 -0.16736830 0.48493739 -0.01508332 0.66784995 0.67773026 -0.73066181 -0.86261630 0.25932038 -0.15364593 0.74915230 -0.80496753 -0.20417662 -0.70103923 0.77501658 -0.46410800 0.72226821 0.11393675 0.78539673 -0.96537220 -0.40926498 -0.86424168 0.75142938 -0.57043059 -0.09749244 -0.47298496 0.42026332 -0.53995636
0.00000000 0.00000000 0.00000000 0.00000000 0.00000000 -0.09464965 0.24238151 0.63428099 -0.71301556 0.43226720 0.96816255 0.54646036 -0.23316475 -0.65490592 0.02468703 0.87981197 0.02521406 0.45271771 0.75791046 0.72973403 -0.37881865 0.74400020 0.17262020 -0.78933396 -0.15148484 -0.07484993 0.70334735 0.07133539 -0.30050395 -0.23570447 0.33084309 0.36141091 0.45667274 -0.40389740 -0.30959426 -0.94205076 0.53514904 0.89500873 0.23057282 -0.95922476
0.00000000 0.00000000 0.00000000 0.00000000 0.00000000 0.00000000 0.19199436 -0.83602506 0.99194742 -0.01774366 -0.24153260 0.18882232 -0.10339170 0.66357108 0.05626344 -0.57264919 -0.93343411 0.75393671 0.41670333 0.25146016 -0.31179781 0.60259012 -0.31904145 0.21422042 0.13607656 -0.02918225 -0.88156342 0.52079282 0.81247207 0.04368178 0.41510059 0.63320027 -0.97887718 0.89807641 -0.09189602 -0.71717255 -0.36599979 0.69097790 0.95234525 -0.91494821
0.00000000 0.00000000 0.00000000 0.00000000 0.00000000 0.00000000 0.00000000 0.63032843 -0.70224909 0.14696959 -0.28494118 0.30204654 0.39712608 0.66050268 0.56268276 -0.19811193 -0.63648201 0.75385648 -0.25222624 -0.33705384 0.71293298 -0.22641541 0.48885084 -0.95147773 -0.77824587 0.83768606 -0.59846871 0.70779143 -0.08180768 0.39877034 0.66619598 0.40501759 0.96320145 0.95287798 -0.08378046 -0.21355943 -0.74200777 -0.51157442 -0.72355457 0.69971901
0.00000000 0.00000000 0.00000000 0.00000000 0.00000000 0.00000000 0.00000000 0.00000000 0.74453543 -0.40132081 -0.63370473 -0.16905715 -0.70365645 0.78247078 0.74026280 0.49395562 -0.57335297 0.46691691 0.21352932 0.53072526 0.60210730 0.32822027 -0.33770606 0.82892530 -0.25589539 -0.92060208 0.52241400 0.56397571 -0.08372681 0.97210311 0.13225921 -0.64548167 -0.83233540 0.99667968 0.63734817 -0.60223067 0.36560371 -0.11294990 -0.81587881 -0.01766536
0.00000000 0.00000000 0.00000000 0.00000000 0.00000000 0.00000000 0.00000000 0.00000000 0.00000000 -0.59155833 0.07856367 0.58686974 -0.05480932 -0.35757119 0.70399192 -0.96836993 0.37362174 -0.30155438 0.27747463 0.83219744 0.32934150 -0.62429129 -0.65297214 -0.35459502 -0.95729911 -0.40938558 0.29535010 0.23440850 -0.55011047 0.31955822 0.93760377 -0.73260213 0.96648362 -0.35839144 -0.83939067 0.71273714 -0.81113445 -0.13753550 0.28828912 0.55154008
0.00000000 0.00000000 0.00000000 0.00000000 0.00000000 0.00000000 0.00000000 0.00000000 0.00000000 0.00000000 0.67001920 0.71471554 -0.01591063 0.70951120 0.08359504 -0.10086435 -0.97813517 0.97231406 -0.83823792 0.76965891 0.81571372 0.85482246 -0.82478093 -0.48908082 -0.64875373 -0.78370570 -0.52865137 -0.73241400 0.56104138 -0.57945414 -0.66469223 -0.39590631 0.34611177 -0.60998548 0.42333704 -0.56312862 -0.70317055 0.36059919 -0.28370205 -0.33256477
0.00000000 0.00000000 0.00000000 0.00000000 0.00000000 0.00000000 0.00000000 0.00000000 0.00000000 0.00000000 0.00000000 0.67375193 -0.19342964 0.84816900 -0.43939782 -0.35479071 -0.83342266 -0.11141206 -0.16657667 -0.18182996 0.86327039 0.98246263 -0.36582339 -0.77713373 0.67950657 0.86093286 -0.41726014 -0.56149221 0.28376680 0.80421584 -0.24337112 0.18837003 -0.93231741 -0.67728075 -0.63508623 -0.20816500 -0.21961237 0.52054011 0.50929156 0.34070339
0.00000000 0.00000000 0.00000000 0.00000000 0.00000000 0.00000000 0.00000000 0.00000000 0.00000000 0.00000000 0.00000000 0.00000000 -0.46572452 -0.74514755 0.41072437 0.91237117 -0.54554874 0.58393961 0.10055827 0.00132575 0.80532304 -0.22548733 0.38461172 0.18761232 -0.07179467 0.21388094 0.92237500 -0.01170012 -0.77945627 -0.99622959 0.62697180 -0.42055507 -0.54776939 -0.09672157 -0.69360256 0.47145745 0.32507106 0.74770751 0.07416862 -0.49722002
0.00000000 0.00000000 0.00000000 0.00000000 0.00000000 0.00000000 0.00000000 0.00000000 0.00000000 0.00000000 0.00000000 0.00000000 0.00000000 0.78036599 -0.78398170 0.53302247 -0.69950891 0.47330291 -0.79279283 0.73394271 0.93906048 0.00451327 -0.40054671 -0.53998890 -0.42247261 -0.07000267 -0.69758160 0.05697626 -0.96989933 -0.44436814 -0.05874986 -0.63139478 -0.52812536 0.60841962 0.99712751 -0.68773565 -0.91054620 -0.31409818 -0.72051525 0.37633386
0.00000000 0.00000000 0.00000000 0.00000000 0.00000000 0.00000000 0.00000000 0.00000000 0.00000000 0.00000000 0.00000000 0.00000000 0.00000000 0.00000000 -0.47321209 -0.41131491 -0.61392335 0.14266957 0.44063569 -0.35135966 0.62100644 -0.39689886 0.16259114 -0.72231612 -0.61124028 -0.32261807 -0.17173276 0.74692457 0.04149115 -0.76866913 -0.16675491 -0.57201636 0.50877326 0.84239472 0.32292848 0.72125971 0.02524557 -0.51389801 -0.50807793 0.44711559
0.00000000 0.00000000 0.00000000 0.00000000 0.00000000 0.00000000 0.00000000 0.00000000 0.00000000 0.00000000 0.00000000 0.00000000 0.00000000 0.00000000 0.00000000 -0.45158256 0.93762489 0.63171009 -0.30698410 0.72220826 0.99024114 0.18195247 0.85277887 -0.94689687 -0.75738780 -0.16226278 0.16370129 0.47094035 -0.12989099 -0.11464350 -0.20882155 -0.06394010 0.68492437 0.62116189 -0.23142398 -0.33874253 -0.82222927 -0.58777992 -0.11816874 0.18102867
0.00000000 0.00000000 0.00000000 0.00000000 0.00000000 0.00000000 0.00000000 0.00000000 0.00000000 0.00000000 0.00000000 0.00000000 0.00000000 0.00000000 0.00000000 0.00000000 -0.74308962 0.43001884 -0.31634922 -0.22707661 0.83258028 0.51159919 0.48292837 -0.37734004 -0.04464963 -0.27757341 0.98923141 -0.92225591 0.94436510 0.23715408 0.16379157 0.85353913 -0.90453435 -0.95709624 -0.14237003 0.76075542 0.89264053 -0.65141951 -0.52954198 0.23764246
0.00000000 0.00000000 0.00000000 0.00000000 0.00000000 0.00000000 0.00000000 0.00000000 0.00000000 0.00000000 0.00000000 0.00000000 0.00000000 0.00000000 0.00000000 0.00000000 0.00000000 -0.19735005 0.47672900 -0.76457106 -0.85928920 0.07057769 0.05244706 0.77449193 -0.74043065 -0.72933377 -0.21637131 -0.73068933 -0.22335555 -0.47515884 -0.71605722 -0.14777512 0.95406743 -0.75745801 0.70583959 0.61350132 0.58974982 0.16092838 0.51335665 0.92420892
0.00000000 0.00000000 0.00000000 0.00000000 0.00000000 0.00000000 0.00000000 0.00000000 0.00000000 0.00000000 0.00000000 0.00000000 0.00000000 0.00000000 0.00000000 0.00000000 0.00000000 0.00000000 -0.20021793 -0.18278002 -0.42521291 0.94864696 0.50227599 0.69303973 0.31436169 -0.64503462 -0.79280091 -0.26971031 0.70186788 0.83057408 -0.33497477 0.59167877 -0.14395091 -0.70010222 0.08759396 -0.38788292 0.56450059 -0.07638551 -0.09148031 -0.11410004
0.00000000 0.00000000 0.00000000 0.00000000 0.00000000 0.00000000 0.00000000 0.00000000 0.00000000 0.00000000 0.00000000 0.00000000 0.00000000 0.00000000 0.00000000 0.00000000 0.00000000 0.00000000 0.00000000 0.78354365 0.06809419 -0.93173102 -0.72250293 0.40483786 -0.70510241 0.33168286 0.92983029 -0.61007416 -0.44034174 0.06272275 -0.90310794 -0.00336615 0.11753870 -0.61101933 -0.11096528 -0.49738447 -0.04081340 -0.01654489 0.72247968 -0.46557271
0.00000000 0.00000000 0.00000000 0.00000000 0.00000000 0.00000000 0.00000000 0.00000000 0.00000000 0.00000000 0.00000000 0.00000000 0.00000000 0.00000000 0.00000000 0.00000000 0.00000000 0.00000000 0.00000000 0.00000000 0.46785355 -0.69998833 0.26164021 0.84091442 -0.56527413 0.36838305 -0.19061316 -0.58704416 -0.80726711 0.78531631 -0.88849678 -0.81547334 0.01917806 -0.38342530 0.62753400 -0.13059839 -0.30790703 0.66083090 -0.42692216 0.30476054
0.00000000 0.00000000 0.00000000 0.00000000 0.00000000 0.00000000 0.00000000 0.00000000 0.00000000 0.00000000 0.00000000 0.00000000 0.00000000 0.00000000 0.00000000 0.00000000 0.00000000 0.00000000 0.00000000 0.00000000 0.00000000 0.95333171 -0.61324723 0.19885505 0.33610371 0.44907735 0.25644231 -0.79028176 -0.85230886 -0.35752794 0.24776541 0.98762096 0.93312356 0.59357672 0.16124191 -0.00868550 0.33562371 -0.19885236 -0.05317127 -0.84381904
0.00000000 0.00000000 0.00000000 0.00000000 0.00000000 0.00000000 0.00000000 0.00000000 0.00000000 0.00000000 0.00000000 0.00000000 0.00000000 0.00000000 0.00000000 0.00000000 0.00000000 0.00000000 0.00000000 0.00000000 0.00000000 0.00000000 0.27347892 -0.53728779 -0.41174007 -0.21628293 -0.53103718 -0.16593529 0.91987387 -0.85576716 -0.71156768 0.87538101 0.02547685 -0.62933527 0.11989242 0.38609419 0.14520351 0.59547640 -0.19394661 0.21177493
0.00000000 0.00000000 0.00000000 0.00000000 0.00000000 0.00000000 0.00000000 0.00000000 0.00000000 0.00000000 0.00000000 0.00000000 0.00000000 0.00000000 0.00000000 0.00000000 0.00000000 0.00000000 0.00000000 0.00000000 0.00000000 0.00000000 0.00000000 -0.49347745 -0.73630687 0.95261474 -0.63148922 0.31395540 -0.50594963 0.87418440 0.20992978 -0.42324782 0.56002509 0.20870008 -0.61901447 0.44204657 0.73188414 0.27755771 0.52069039 -0.86247114
0.00000000 0.00000000 0.00000000 0.00000000 0.00000000 0.00000000 0.00000000 0.00000000 0.00000000 0.00000000 0.00000000 0.00000000 0.00000000 0.00000000 0.00000000 0.00000000 0.00000000 0.00000000 0.00000000 0.00000000 0.00000000 0.00000000 0.00000000 0.00000000 -0.71742779 -0.73852565 -0.82266622 -0.26964788 0.63801903 0.83863217 -0.96802185 -0.15264140 0.21055349 -0.88693059 0.75039336 -0.44127458 0.11347381 -0.86812014 -0.08167980 0.37826728
0.00000000 0.00000000 0.00000000 0.00000000 0.00000000 0.00000000 0.00000000 0.00000000 0.00000000 0.00000000 0.00000000 0.00000000 0.00000000 0.00000000 0.00000000 0.00000000 0.00000000 0.00000000 0.00000000 0.00000000 0.00000000 0.00000000 0.00000000 0.00000000 0.00000000 0.72972652 0.90778536 0.94277175 -0.29152386 0.52813283 0.82390632 -0.50244868 -0.13113621 -0.01976616 -0.87767632 -0.95793763 0.17955544 0.11115855 0.49948182 0.66259309
0.00000000 0.00000000 0.00000000 0.00000000 0.00000000 0.00000000 0.00000000 0.00000000 0.00000000 0.00000000 0.00000000 0.00000000 0.00000000 0.00000000 0.00000000 0.00000000 0.00000000 0.00000000 0.00000000 0.00000000 0.00000000 0.00000000 0.00000000 0.00000000 0.00000000 0.00000000 0.47580141 0.56109056 0.97768792 -0.61521342 0.55593158 0.24987281 0.08233517 0.16697811 0.81694981 0.45236275 0.92214485 -0.23091366 -0.03443370 -0.71488438
0.00000000 0.00000000 0.00000000 0.00000000 0.00000000 0.00000000 0.00000000 0.00000000 0.00000000 0.00000000 0.00000000 0.00000000 0.00000000 0.00000000 0.00000000 0.00000000 0.00000000 0.00000000 0.00000000 0.00000000 0.00000000 0.00000000 0.00000000 0.00000000 0.00000000 0.00000000 0.00000000 -0.78063366 0.70388204 -0.65483945 0.79731940 -0.39367452 -0.87736946 0.16686534 -0.54332145 -0.08804862 0.52446076 0.15701384 -0.66007623 -0.67051941
0.00000000 0.00000000 0.00000000 0.00000000 0.00000000 0.00000000 0.00000000 0.00000000 0.00000000 0.00000000 0.00000000 0.00000000 0.00000000 0.00000000 0.00000000 0.00000000 0.00000000 0.00000000 0.00000000 0.00000000 0.00000000 0.00000000 0.00000000 0.00000000 0.00000000 0.00000000 0.00000000 0.00000000 0.76560586 -0.01219022 0.06286224 -0.85397201 0.81228270 -0.59185676 -0.39575566 -0.35310392 -0.71362080 -0.34509987 0.61864716 -0.11882519
0.00000000 0.00000000 0.00000000 0.00000000 0.00000000 0.00000000 0.00000000 0.00000000 0.00000000 0.00000000 0.00000000 0.00000000 0.00000000 0.00000000 0.00000000 0.00000000 0.00000000 0.00000000 0.00000000 0.00000000 0.00000000 0.00000000 0.00000000 0.00000000 0.00000000 0.00000000 0.00000000 0.00000000 0.00000000 0.28116622 0.36518395 -0.64414767 -0.16145504 0.73766012 -0.02750613 -0.47802645 0.64779385 0.93658626 -0.32044768 -0.20556938
0.00000000 0.00000000 0.00000000 0.00000000 0.00000000 0.00000000 0.00000000 0.00000000 0.00000000 0.00000000 0.00000000 0.00000000 0.00000000 0.00000000 0.00000000 0.00000000 0.00000000 0.00000000 0.00000000 0.00000000 0.00000000 0.00000000 0.00000000 0.00000000 0.00000000 0.00000000 0.00000000 0.00000000 0.00000000 0.00000000 -0.80961506 -0.71232903 0.19722212 0.39357613 0.03658833 -0.35030141 0.77636634 -0.48028731 -0.72198929 0.64499683
0.00000000 0.00000000 0.00000000 0.00000000 0.00000000 0.00000000 0.00000000 0.00000000 0.00000000 0.00000000 0.00000000 0.00000000 0.00000000 0.00000000 0.00000000 0.00000000 0.00000000 0.00000000 0.00000000 0.00000000 0.00000000 0.00000000 0.00000000 0.00000000 0.00000000 0.00000000 0.00000000 0.00000000 0.00000000 0.00000000 0.00000000 0.72180541 0.89987677 0.31810848 -0.52079133 0.74043029 -0.07678909 0.29871346 0.77227797 -0.68382970
0.00000000 0.00000000 0.00000000 0.00000000 0.00000000 0.00000000 0.00000000 0.00000000 0.00000000 0.00000000 0.00000000 0.00000000 0.00000000 0.00000000 0.00000000 0.00000000 0.00000000 0.00000000 0.00000000 0.00000000 0.00000000 0.00000000 0.00000000 0.00000000 0.00000000 0.00000000 0.00000000 0.00000000 0.00000000 0.00000000 0.00000000 0.00000000 -0.08202451 0.48489136 -0.44834482 -0.60406881 0.14637132 0.16881314 0.41630785 0.52156561
0.00000000 0.00000000 0.00000000 0.00000000 0.00000000 0.00000000 0.00000000 0.00000000 0.00000000 0.00000000 0.00000000 0.00000000 0.00000000 0.00000000 0.00000000 0.00000000 0.00000000 0.00000000 0.00000000 0.00000000 0.00000000 0.00000000 0.00000000 0.00000000 0.00000000 0.00000000 0.00000000 0.00000000 0.00000000 0.00000000 0.00000000 0.00000000 0.00000000 -0.02886272 0.31275148 0.37190659 0.32669220 0.07180352 0.28169687 0.34086784
0.00000000 0.00000000 0.00000000 0.00000000 0.00000000 0.00000000 0.00000000 0.00000000 0.00000000 0.00000000 0.00000000 0.00000000 0.00000000 0.00000000 0.00000000 0.00000000 0.00000000 0.00000000 0.00000000 0.00000000 0.00000000 0.00000000 0.00000000 0.00000000 0.00000000 0.00000000 0.00000000 0.00000000 0.00000000 0.00000000 0.00000000 0.00000000 0.00000000 0.00000000 0.49426234 0.79785298 -0.07343998 0.28772838 -0.24844831 0.25988684
0.00000000 0.00000000 0.00000000 0.00000000 0.00000000 0.00000000 0.00000000 0.00000000 0.00000000 0.00000000 0.00000000 0.00000000 0.00000000 0.00000000 0.00000000 0.00000000 0.00000000 0.00000000 0.00000000 0.00000000 0.00000000 0.00000000 0.00000000 0.00000000 0.00000000 0.00000000 0.00000000 0.00000000 0.00000000 0.00000000 0.00000000 0.00000000 0.00000000 0.00000000 0.00000000 0.16638962 -0.70045562 -0.61652652 -0.67921239 0.81043029
0.00000000 0.00000000 0.00000000 0.00000000 0.00000000 0.00000000 0.00000000 0.00000000 0.00000000 0.00000000 0.00000000 0.00000000 0.00000000 0.00000000 0.00000000 0.00000000 0.00000000 0.00000000 0.00000000 0.00000000 0.00000000 0.00000000 0.00000000 0.00000000 0.00000000 0.00000000 0.00000000 0.00000000 0.00000000 0.00000000 0.00000000 0.00000000 0.00000000 0.00000000 0.00000000 0.00000000 -0.91619466 -0.12594365 -0.49007155 -0.99173606
0.00000000 0.00000000 0.00000000 0.00000000 0.00000000 0.00000000 0.00000000 0.00000000 0.00000000 0.00000000 0.00000000 0.00000000 0.00000000 0.00000000 0.00000000 0.00000000 0.00000000 0.00000000 0.00000000 0.00000000 0.00000000 0.00000000 0.00000000 0.00000000 0.00000000 0.00000000 0.00000000 0.00000000 0.00000000 0.00000000 0.00000000 0.00000000 0.00000000 0.00000000 0.00000000 0.00000000 0.00000000 0.51102846 -0.13021855 -0.77533790
0.00000000 0.00000000 0.00000000 0.00000000 0.00000000 0.00000000 0.00000000 0.00000000 0.00000000 0.00000000 0.00000000 0.00000000 0.00000000 0.00000000 0.00000000 0.00000000 0.00000000 0.00000000 0.00000000 0.00000000 0.00000000 0.00000000 0.00000000 0.00000000 0.00000000 0.00000000 0.00000000 0.00000000 0.00000000 0.00000000 0.00000000 0.00000000 0.00000000 0.00000000 0.00000000 0.00000000 0.00000000 0.00000000 -0.18861809 0.10663150
0.00000000 0.00000000 0.00000000 0.00000000 0.00000000 0.00000000 0.00000000 0.00000000 0.00000000 0.00000000 0.00000000 0.00000000 0.00000000 0.00000000 0.00000000 0.00000000 0.00000000 0.00000000 0.00000000 0.00000000 0.00000000 0.00000000 0.00000000 0.00000000 0.00000000 0.00000000 0.00000000 0.00000000 0.00000000 0.00000000 0.00000000 0.00000000 0.00000000 0.00000000 0.00000000 0.00000000 0.00000000 0.00000000 0.00000000 -0.00507241
