0.59997450 0.46055473 -0.76555600 -0.73608987 -0.28608204 0.92734223 0.37539231 0.05733132 -0.28750715 0.90933487 -0.33504777 -0.39148762 0.89919053 -0.84161892 0.85725959 0.86261519 0.93368552 -0.44522522 -0.98952633 -0.36684738 -0.49066834 -0.44386261 0.72684074 0.16022022
0.00000000 -0.46750726 -0.08183962 0.49187568 -0.63932622 -0.49282217 0.69320195 -0.99728403 0.29266806 0.57777297 -0.65222907 -0.97558441 0.76495668 0.85233151 -0.54046317 -0.65896285 0.92730596 0.85647787 -0.96633293 0.64674886 0.48666350 -0.97906704 -0.87132269 0.75545352
0.00000000 0.00000000 0.86574412 0.01074735 0.83030769 0.01875881 0.15158669 -0.92817264 -0.66687363 0.13063094 0.91849129 -0.65214020 -0.96991641 -0.54922755 0.15912602 0.63106388 -0.98210743 0.46807419 0.94420437 -0.27872963 0.93114623 -0.81138742 0.09045861 0.11768493
0.00000000 0.00000000 0.00000000 0.00188052 -0.71581047 -0.67818311 -0.92433261 -0.28977031 -0.50373978 0.35443652 0.73066245 0.84232249 0.31972229 0.16483258 0.63121687 0.22395067 0.90771359 0.10100564 0.48993642 0.25451638 0.02504165 0.68920056 0.81838680 0.56282878
0.00000000 0.00000000 0.00000000 0.00000000 0.29126263 0.17879080 0.71118257 -0.62211069 0.36833209 -0.91515570 0.83579309 0.14568012 -0.36240091 -0.57443573 0.66760890 -0.98042858 -0.04301425 0.52436588 -0.40554537 0.24414049 0.33130089 0.78902863 0.05059005 0.18553493
0.00000000 0.00000000 0.00000000 0.00000000 0.00000000 -0.02154874 -0.82297632 -0.78836547 0.87740269 0.07703922 0.38115697 -0.71768470 -0.46035947 0.32875601 0.27738637 0.74121836 0.39459804 0.70475314 0.87751177 -0.15853131 -0.17988723 -0.49639419 0.37092990 0.20871425
0.00000000 0.00000000 0.00000000 0.00000000 0.00000000 0.00000000 0.39008930 -0.10905088 0.89942753 -0.93754674 0.93297352 -0.06795336 -0.12773062 0.91100693 -0.93199122 -0.96632954 0.38749210 -0.63291182 -0.54833989 0.64664758 -0.84884045 0.38742784 -0.19631637 0.12661184
0.00000000 0.00000000 0.00000000 0.00000000 0.00000000 0.00000000 0.00000000 -0.92817897 -0.11148855 0.26171155 0.05950586 -0.27624873 -0.91077930 -0.45982022 -0.52403578 -0.19822475 -0.98788325 0.56009828 -0.43105988 -0.45824489 0.96359273 -0.61546142 -0.69714961 0.51511203
0.00000000 0.00000000 0.00000000 0.00000000 0.00000000 0.00000000 0.00000000 0.00000000 -0.69611590 0.97600228 -0.74413977 -0.14684222 0.27723378 0.92681107 -0.84102217 0.15077291 0.22348465 0.60237095 0.39037821 -0.47141062 -0.09852752 -0.66662354 -0.15060736 -0.50123617
0.00000000 0.00000000 0.00000000 0.00000000 0.00000000 0.00000000 0.00000000 0.00000000 0.00000000 -0.58631144 -0.65678031 0.50138583 0.48984071 -0.54183613 -0.51720476 0.71957409 -0.50681062 -0.94267784 0.81228456 0.29809558 0.30533449 -0.48434905 0.11684190 -0.43427635
0.00000000 0.00000000 0.00000000 0.00000000 0.00000000 0.00000000 0.00000000 0.00000000 0.00000000 0.00000000 0.52588952 -0.78669125 -0.19360138 0.89251989 0.95294497 -0.17503464 0.31435113 -0.58406073 0.41255131 -0.48776471 -0.20323132 -0.05095987 0.48583649 0.26534177
0.00000000 0.00000000 0.00000000 0.00000000 0.00000000 0.00000000 0.00000000 0.00000000 0.00000000 0.00000000 0.00000000 -0.66200040 0.01303333 -0.02973374 0.74033469 -0.85437849 0.14041526 -0.91692907 0.75269389 -0.94144912 -0.72793247 -0.46702127 0.98954868 0.00441937
0.00000000 0.00000000 0.00000000 0.00000000 0.00000000 0.00000000 0.00000000 0.00000000 0.00000000 0.00000000 0.00000000 0.00000000 -0.50615569 0.26022294 0.24308870 -0.16309005 -0.28588915 0.53819941 0.90857996 0.87393737 -0.17459771 -0.16770870 -0.25621142 -0.63691847
0.00000000 0.00000000 0.00000000 0.00000000 0.00000000 0.00000000 0.00000000 0.00000000 0.00000000 0.00000000 0.00000000 0.00000000 0.00000000 0.66718478 0.88062318 0.26286793 0.51469585 -0.49727291 0.04109787 -0.59493042 -0.71034858 0.69795484 -0.16682321 -0.92743177
0.00000000 0.00000000 0.00000000 0.00000000 0.00000000 0.00000000 0.00000000 0.00000000 0.00000000 0.00000000 0.00000000 0.00000000 0.00000000 0.00000000 -0.57858486 -0.37699812 -0.12232970 -0.02201510 0.04379872 0.22012642 -0.46875936 0.08019813 -0.42917412 -0.41494351
0.00000000 0.00000000 0.00000000 0.00000000 0.00000000 0.00000000 0.00000000 0.00000000 0.00000000 0.00000000 0.00000000 0.00000000 0.00000000 0.00000000 0.00000000 0.03679396 -0.11916171 -0.45216870 -0.34551866 -0.92699690 0.38822079 -0.19895592 -0.38162674 0.08941650
0.00000000 0.00000000 0.00000000 0.00000000 0.00000000 0.00000000 0.00000000 0.00000000 0.00000000 0.00000000 0.00000000 0.00000000 0.00000000 0.00000000 0.00000000 0.00000000 0.01968072 0.85606050 -0.89488486 0.29457630 0.15694995 -0.51431590 -0.01380968 -0.62628168
0.00000000 0.00000000 0.00000000 0.00000000 0.00000000 0.00000000 0.00000000 0.00000000 0.00000000 0.00000000 0.00000000 0.00000000 0.00000000 0.00000000 0.00000000 0.00000000 0.00000000 -0.99292226 -0.40825979 0.31578041 -0.94241997 0.74075221 0.94306896 0.62577753
0.00000000 0.00000000 0.00000000 0.00000000 0.00000000 0.00000000 0.00000000 0.00000000 0.00000000 0.00000000 0.00000000 0.00000000 0.00000000 0.00000000 0.00000000 0.00000000 0.00000000 0.00000000 0.72334965 -0.53831244 -0.17376499 0.27762919 0.16761061 0.40228914
0.00000000 0.00000000 0.00000000 0.00000000 0.00000000 0.00000000 0.00000000 0.00000000 0.00000000 0.00000000 0.00000000 0.00000000 0.00000000 0.00000000 0.00000000 0.00000000 0.00000000 0.00000000 0.00000000 0.76243648 0.04013163 0.64364473 0.26630235 -0.42757168
0.00000000 0.00000000 0.00000000 0.00000000 0.00000000 0.00000000 0.00000000 0.00000000 0.00000000 0.00000000 0.00000000 0.00000000 0.00000000 0.00000000 0.00000000 0.00000000 0.00000000 0.00000000 0.00000000 0.00000000 -0.43037665 0.42287255 0.31462661 0.64100237
0.00000000 0.00000000 0.00000000 0.00000000 0.00000000 0.00000000 0.00000000 0.00000000 0.00000000 0.00000000 0.00000000 0.00000000 0.00000000 0.00000000 0.00000000 0.00000000 0.00000000 0.00000000 0.00000000 0.00000000 0.00000000 -0.18094494 0.93226998 -0.10111523
0.00000000 0.00000000 0.00000000 0.00000000 0.00000000 0.00000000 0.00000000 0.00000000 0.00000000 0.00000000 0.00000000 0.00000000 0.00000000 0.00000000 0.00000000 0.00000000 0.00000000 0.00000000 0.00000000 0.00000000 0.00000000 0.00000000 -0.82403594 -0.78747989
0.00000000 0.00000000 0.00000000 0.00000000 0.00000000 0.00000000 0.00000000 0.00000000 0.00000000 0.00000000 0.00000000 0.00000000 0.00000000 0.00000000 0.00000000 0.00000000 0.00000000 0.00000000 0.00000000 0.00000000 0.00000000 0.00000000 0.00000000 0.56466414
