0.65267775 -0.51853530 0.68631528 0.57498568 -0.06380810 0.02565720 -0.50986628 -0.75715167 -0.96607254 -0.39190597 0.00846185 0.44545555 0.25703605 -0.27103213 0.39858442 0.32459706 0.91477871 -0.74773028 0.20463887 -0.85638088 -0.67784363 0.09874453 0.40835979 -0.08681306 0.57539765 -0.94373388 0.37262222 -0.51523222 -0.29207148 -0.31995510 0.27510926 0.22287344
0.00000000 -0.65555171 0.61573413 -0.63805949 0.91161133 0.71823585 0.19518132 0.88697342 0.05912243 -0.24872719 -0.60293866 -0.93538646 -0.34331717 0.99793773 0.56621607 0.75745342 -0.96154520 -0.79939093 -0.78440541 -0.50937714 -0.19791509 0.20318182 -0.97152773 -0.90916598 -0.57896429 -0.11752581 0.97920437 -0.84738154 -0.79637122 -0.33831741 -0.86205019 -0.67946051
0.00000000 0.00000000 0.42781351 -0.60713049 -0.44831833 0.55748575 0.36518496 -0.98046716 0.07486442 0.96478092 -0.60274927 0.97248816 -0.18708941 -0.23451982 -0.23782472 -0.71308025 -0.64807676 0.19360525 -0.88163726 0.54537432 0.07425655 0.49195948 0.44549421 -0.65391837 0.15441885 0.64463969 -0.64858082 -0.97617394 -0.24576233 0.23401168 -0.80797863 0.92034977
0.00000000 0.00000000 0.00000000 -0.31283798 -0.84477683 0.36995959 0.69427570 0.27567044 0.82045584 -0.30334751 0.51545038 -0.12536448 0.77696981 -0.67435731 0.17428945 -0.36280188 0.97974216 0.29296198 0.40448135 0.51353019 -0.42652102 -0.05604574 0.25520074 -0.52812929 0.78873130 -0.48906770 0.19770606 0.35588030 -0.35314651 -0.95806013 0.98339486 0.05710681
0.00000000 0.00000000 0.00000000 0.00000000 -0.28848097 -0.86716572 -0.84145714 0.47145758 -0.19669398 0.33467648 -0.14320710 -0.48270221 0.49463447 0.25515049 -0.46570190 0.90492928 0.79130082 0.14771998 0.73673232 0.99025703 -0.56707240 -0.98925821 -0.83846445 -0.28420683 0.54013480 -0.71968494 -0.51762576 0.68393529 -0.88992204 0.31133700 0.18137983 -0.03965148
0.00000000 0.00000000 0.00000000 0.00000000 0.00000000 -0.04872680 -0.55062708 -0.32373575 0.69199633 0.28873636 0.33570410 0.17403782 -0.12467401 0.63337966 -0.02697021 0.05463472 -0.52941162 -0.94759339 0.98722672 0.57744312 0.67325769 0.99113158 0.51609309 -0.78573769 0.43196842 0.22950541 0.39589832 -0.11863669 -0.25216004 0.81348738 0.62488088 0.69026520
0.00000000 0.00000000 0.00000000 0.00000000 0.00000000 0.00000000 -0.41055435 -0.82837568 -0.90891451 0.50105604 0.97660390 -0.27466618 -0.65367862 0.17133337 -0.15327758 0.21999980 0.55312346 0.14962496 -0.68563970 -0.09932874 0.00321019 -0.23353228 -0.49312717 -0.05888769 0.15686512 -0.21327430 0.53214973 -0.00536694 0.52768782 -0.37806083 0.64667720 0.67880873
0.00000000 0.00000000 0.00000000 0.00000000 0.00000000 0.00000000 0.00000000 0.50770500 -0.23044115 -0.11586977 0.92681468 -0.91185484 0.12915626 -0.84920721 0.56803039 0.23693083 0.95235199 0.53105472 0.49126732 -0.50530096 0.91722236 0.44081708 -0.79821476 0.39075050 -0.42258993 -0.69691312 -0.31621179 -0.83856471 0.04247764 -0.74994767 -0.83965494 0.32257220
0.00000000 0.00000000 0.00000000 0.00000000 0.00000000 0.00000000 0.00000000 0.00000000 0.64341994 -0.00122965 0.95614122 -0.65583568 -0.22083477 0.87545029 0.35491419 -0.95016544 0.63281404 0.06885745 0.55135393 0.05186895 0.34439056 0.01560078 -0.99417933 -0.59695619 -0.61501472 0.18252451 -0.65043604 -0.49223128 0.16465857 -0.87297787 -0.33870805 0.09172302
0.00000000 0.00000000 0.00000000 0.00000000 0.00000000 0.00000000 0.00000000 0.00000000 0.00000000 -0.42300700 0.54616889 -0.05895384 0.70045270 0.13996974 -0.67678092 0.00485770 0.27411441 -0.38023976 0.19371865 -0.99313291 -0.76872299 0.66121846 0.54015749 -0.78537320 0.80729002 -0.09458741 0.93047368 0.70373674 0.68005802 0.86732754 -0.52976891 -0.60468063
0.00000000 0.00000000 0.00000000 0.00000000 0.00000000 0.00000000 0.00000000 0.00000000 0.00000000 0.00000000 -0.19427342 -0.64606581 0.75667381 0.55127334 -0.77343741 -0.93797190 0.99453995 -0.14543382 -0.28618272 -0.77713058 -0.71217600 -0.63662007 -0.93620719 -0.85343886 0.32947407 0.94252901 0.82901591 -0.73449017 0.58962699 0.60651700 -0.64597097 0.88973904
0.00000000 0.00000000 0.00000000 0.00000000 0.00000000 0.00000000 0.00000000 0.00000000 0.00000000 0.00000000 0.00000000 -0.84055826 0.35191953 0.69244621 -0.43818654 -0.37134957 0.32281050 -0.20028003 -0.19707484 -0.13047315 0.69621376 0.14055813 0.92751277 -0.02175193 -0.90152706 0.41978070 0.65121146 0.13354742 -0.65285508 -0.74415270 0.62246576 0.54434615
0.00000000 0.00000000 0.00000000 0.00000000 0.00000000 0.00000000 0.00000000 0.00000000 0.00000000 0.00000000 0.00000000 0.00000000 0.07511219 -0.27783113 -0.21348819 -0.21468213 0.86205011 0.52019038 -0.55097390 0.81261160 -0.87451444 0.72461662 -0.02655213 -0.99916207 0.60227772 -0.72501753 -0.05316264 -0.54598150 -0.41282089 -0.24104484 -0.29412388 -0.28128338
0.00000000 0.00000000 0.00000000 0.00000000 0.00000000 0.00000000 0.00000000 0.00000000 0.00000000 0.00000000 0.00000000 0.00000000 0.00000000 0.53822182 -0.02279411 0.07279713 -0.61357690 -0.03781073 0.02947458 0.19286885 0.02742878 -0.74898576 0.97704897 -0.87042355 -0.08771213 0.06121877 0.15303812 -0.84789900 -0.52585347 -0.13803088 -0.74776751 0.65564694
0.00000000 0.00000000 0.00000000 0.00000000 0.00000000 0.00000000 0.00000000 0.00000000 0.00000000 0.00000000 0.00000000 0.00000000 0.00000000 0.00000000 0.79597117 0.92686793 -0.25717931 0.33610761 0.76437298 0.15727436 -0.46184025 -0.65609562 0.90017282 0.78681244 -0.53744656 -0.38033572 -0.25324063 -0.21301754 -0.51417400 0.80687577 -0.72493523 -0.27377124
0.00000000 0.00000000 0.00000000 0.00000000 0.00000000 0.00000000 0.00000000 0.00000000 0.00000000 0.00000000 0.00000000 0.00000000 0.00000000 0.00000000 0.00000000 -0.13156783 -0.02994944 -0.65615079 0.87205286 -0.06590810 0.78152986 0.88644153 0.65388478 -0.16135317 -0.51658503 -0.94374500 0.16401211 -0.25361307 0.79424935 -0.97335974 -0.21803684 0.16491859
0.00000000 0.00000000 0.00000000 0.00000000 0.00000000 0.00000000 0.00000000 0.00000000 0.00000000 0.00000000 0.00000000 0.00000000 0.00000000 0.00000000 0.00000000 0.00000000 -0.21018026 -0.77913907 0.98214472 0.64034077 0.81777061 -0.02152721 -0.31853292 0.95411569 -0.13039569 -0.59044475 -0.65932659 0.37248428 0.66355367 -0.68671160 0.65060182 -0.73754841
0.00000000 0.00000000 0.00000000 0.00000000 0.00000000 0.00000000 0.00000000 0.00000000 0.00000000 0.00000000 0.00000000 0.00000000 0.00000000 0.00000000 0.00000000 0.00000000 0.00000000 -0.74096401 -0.03043167 0.59165993 0.71608424 0.28785195 -0.09306434 0.11775654 -0.99660821 0.75725926 0.90412106 0.65017902 0.38409718 0.64441278 -0.34576716 0.53238722
0.00000000 0.00000000 0.00000000 0.00000000 0.00000000 0.00000000 0.00000000 0.00000000 0.00000000 0.00000000 0.00000000 0.00000000 0.00000000 0.00000000 0.00000000 0.00000000 0.00000000 0.00000000 0.19146833 -0.47607312 0.56851061 -0.47587843 -0.01914911 -0.67934053 -0.24238142 0.59117049 0.40039459 -0.96397083 0.92586600 -0.47770166 0.18588923 -0.09735435
0.00000000 0.00000000 0.00000000 0.00000000 0.00000000 0.00000000 0.00000000 0.00000000 0.00000000 0.00000000 0.00000000 0.00000000 0.00000000 0.00000000 0.00000000 0.00000000 0.00000000 0.00000000 0.00000000 0.28261078 -0.62673226 -0.57891093 0.81181635 -0.35472331 -0.92000434 -0.01859877 -0.74367990 -0.68547452 0.16763559 0.66745668 0.70065265 0.83975816
0.00000000 0.00000000 0.00000000 0.00000000 0.00000000 0.00000000 0.00000000 0.00000000 0.00000000 0.00000000 0.00000000 0.00000000 0.00000000 0.00000000 0.00000000 0.00000000 0.00000000 0.00000000 0.00000000 0.00000000 0.98797131 -0.34256149 -0.46717348 0.68980787 -0.11401951 -0.03568112 0.13046940 0.11447973 0.21861620 0.18225235 0.53528550 -0.95250509
0.00000000 0.00000000 0.00000000 0.00000000 0.00000000 0.00000000 0.00000000 0.00000000 0.00000000 0.00000000 0.00000000 0.00000000 0.00000000 0.00000000 0.00000000 0.00000000 0.00000000 0.00000000 0.00000000 0.00000000 0.00000000 0.37826335 0.48304015 -0.97870002 -0.80943444 -0.96670580 0.09700596 0.32240441 -0.32399416 0.05348439 -0.30686954 0.43159709
0.00000000 0.00000000 0.00000000 0.00000000 0.00000000 0.00000000 0.00000000 0.00000000 0.00000000 0.00000000 0.00000000 0.00000000 0.00000000 0.00000000 0.00000000 0.00000000 0.00000000 0.00000000 0.00000000 0.00000000 0.00000000 0.00000000 -0.63372575 -0.95262115 -0.36981978 0.66554359 -0.54473244 -0.07329020 -0.82594011 -0.78032075 -0.40199153 0.37114880
0.00000000 0.00000000 0.00000000 0.00000000 0.00000000 0.00000000 0.00000000 0.00000000 0.00000000 0.00000000 0.00000000 0.00000000 0.00000000 0.00000000 0.00000000 0.00000000 0.00000000 0.00000000 0.00000000 0.00000000 0.00000000 0.00000000 0.00000000 -0.08219997 0.47989501 0.81408289 0.28953990 0.79330435 -0.06120209 -0.28348063 -0.02508763 0.28007581
0.00000000 0.00000000 0.00000000 0.00000000 0.00000000 0.00000000 0.00000000 0.00000000 0.00000000 0.00000000 0.00000000 0.00000000 0.00000000 0.00000000 0.00000000 0.00000000 0.00000000 0.00000000 0.00000000 0.00000000 0.00000000 0.00000000 0.00000000 0.00000000 0.20124723 -0.78572490 0.84354252 -0.87150544 0.01058091 -0.71315517 -0.69461084 -0.49445928
0.00000000 0.00000000 0.00000000 0.00000000 0.00000000 0.00000000 0.00000000 0.00000000 0.00000000 0.00000000 0.00000000 0.00000000 0.00000000 0.00000000 0.00000000 0.00000000 0.00000000 0.00000000 0.00000000 0.00000000 0.00000000 0.00000000 0.00000000 0.00000000 0.00000000 -0.24753112 -0.93782171 -0.45036089 -0.33507547 0.72339969 0.77162728 0.11497723
0.00000000 0.00000000 0.00000000 0.00000000 0.00000000 0.00000000 0.00000000 0.00000000 0.00000000 0.00000000 0.00000000 0.00000000 0.00000000 0.00000000 0.00000000 0.00000000 0.00000000 0.00000000 0.00000000 0.00000000 0.00000000 0.00000000 0.00000000 0.00000000 0.00000000 0.00000000 -0.15763383 -0.78313391 -0.15356827 0.02119265 -0.78958467 0.05534663
0.00000000 0.00000000 0.00000000 0.00000000 0.00000000 0.00000000 0.00000000 0.00000000 0.00000000 0.00000000 0.00000000 0.00000000 0.00000000 0.00000000 0.00000000 0.00000000 0.00000000 0.00000000 0.00000000 0.00000000 0.00000000 0.00000000 0.00000000 0.00000000 0.00000000 0.00000000 0.00000000 0.71220079 0.14887496 0.04592265 -0.63071200 -0.02034994
0.00000000 0.00000000 0.00000000 0.00000000 0.00000000 0.00000000 0.00000000 0.00000000 0.00000000 0.00000000 0.00000000 0.00000000 0.00000000 0.00000000 0.00000000 0.00000000 0.00000000 0.00000000 0.00000000 0.00000000 0.00000000 0.00000000 0.00000000 0.00000000 0.00000000 0.00000000 0.00000000 0.00000000 -0.72137997 -0.31942240 -0.34845960 0.58107399
0.00000000 0.00000000 0.00000000 0.00000000 0.00000000 0.00000000 0.00000000 0.00000000 0.00000000 0.00000000 0.00000000 0.00000000 0.00000000 0.00000000 0.00000000 0.00000000 0.00000000 0.00000000 0.00000000 0.00000000 0.00000000 0.00000000 0.00000000 0.00000000 0.00000000 0.00000000 0.00000000 0.00000000 0.00000000 -0.17665385 -0.07582813 -0.49228213
0.00000000 0.00000000 0.00000000 0.00000000 0.00000000 0.00000000 0.00000000 0.00000000 0.00000000 0.00000000 0.00000000 0.00000000 0.00000000 0.00000000 0.00000000 0.00000000 0.00000000 0.00000000 0.00000000 0.00000000 0.00000000 0.00000000 0.00000000 0.00000000 0.00000000 0.00000000 0.00000000 0.00000000 0.00000000 0.00000000 -0.34325913 -0.43095821
0.00000000 0.00000000 0.00000000 0.00000000 0.00000000 0.00000000 0.00000000 0.00000000 0.00000000 0.00000000 0.00000000 0.00000000 0.00000000 0.00000000 0.00000000 0.00000000 0.00000000 0.00000000 0.00000000 0.00000000 0.00000000 0.00000000 0.00000000 0.00000000 0.00000000 0.00000000 0.00000000 0.00000000 0.00000000 0.00000000 0.00000000 -0.15197046
