0.92873893 -0.08563181 -0.45721624 -0.29790752 -0.01093732 0.55143616 -0.90160368 0.71045083 -0.88607024 0.44087699
0.00000000 -0.77399215 -0.45590103 -0.98856425 0.68753404 0.72883165 0.27114713 0.54923571 0.13972588 -0.41820317
0.00000000 0.00000000 -0.31988062 0.88184567 -0.07475631 0.99311725 -0.00849498 0.85007894 -0.64666969 -0.10341887
0.00000000 0.00000000 0.00000000 -0.59251523 -0.76123047 -0.77097603 0.01393826 -0.73509837 0.17195603 0.26560225
0.00000000 0.00000000 0.00000000 0.00000000 -0.90327042 -0.51802912 0.78677921 0.16113627 -0.41075187 0.56420232
0.00000000 0.00000000 0.00000000 0.00000000 0.00000000 0.23780694 -0.52220696 0.57254239 0.62557919 -0.12002261
0.00000000 0.00000000 0.00000000 0.00000000 0.00000000 0.00000000 0.08349456 -0.30517326 0.53912792 0.09874354
0.00000000 0.00000000 0.00000000 0.00000000 0.00000000 0.00000000 0.00000000 0.82137890 0.51039926 -0.40595525
0.00000000 0.00000000 0.00000000 0.00000000 0.00000000 0.00000000 0.00000000 0.00000000 0.16581623 -0.97682699
0.00000000 0.00000000 0.00000000 0.00000000 0.00000000 0.00000000 0.00000000 0.00000000 0.00000000 0.93271703
