-0.156077 -0.297393 -0.677216 0.689433 0.891131 0.708960 0.440275 -0.869552 -0.519173 0.045481 -0.120092 -0.577631
0.000000 -0.788478 -0.047053 0.224619 -0.319022 -0.450870 -0.872120 -0.704420 0.136809 0.534071 -0.799244 -0.155271
0.000000 0.000000 -0.905267 0.704024 -0.575519 -0.472649 -0.831304 -0.130653 0.805432 0.642179 0.432520 0.880590
0.000000 0.000000 0.000000 -0.649374 0.369715 0.136372 0.281103 0.614522 -0.878390 -0.069661 0.198131 0.271015
0.000000 0.000000 0.000000 0.000000 0.968078 -0.659174 -0.583419 -0.278009 -0.779407 -0.869324 0.009215 -0.335434
0.000000 0.000000 0.000000 0.000000 0.000000 -0.789798 -0.677129 -0.378507 -0.780218 -0.153974 0.366330 -0.648770
0.000000 0.000000 0.000000 0.000000 0.000000 0.000000 0.690282 -0.936112 0.550458 -0.883628 -0.663509 -0.570584
0.000000 0.000000 0.000000 0.000000 0.000000 0.000000 0.000000 0.083603 0.488756 0.983553 -0.984921 0.489710
0.000000 0.000000 0.000000 0.000000 0.000000 0.000000 0.000000 0.000000 -0.858035 0.733823 -0.956441 -0.741161
0.000000 0.000000 0.000000 0.000000 0.000000 0.000000 0.000000 0.000000 0.000000 -0.088876 -0.071984 0.420925
0.000000 0.000000 0.000000 0.000000 0.000000 0.000000 0.000000 0.000000 0.000000 0.000000 -0.332935 0.776333
0.000000 0.000000 0.000000 0.000000 0.000000 0.000000 0.000000 0.000000 0.000000 0.000000 0.000000 0.300589
