0.082722 -0.238400 -0.636563 -0.253000 -0.838718 0.403380 0.619999 0.673226 0.837996 0.149699 0.159545 0.310973 -0.267917 0.759763 0.131522 0.915491
0.000000 -0.657478 0.611859 0.588024 0.169850 -0.048986 -0.706422 -0.041613 -0.672712 -0.643220 0.042404 -0.547790 -0.249698 0.470925 -0.805006 0.028665
0.000000 0.000000 -0.342898 0.829198 -0.132352 0.625465 -0.064824 -0.668089 -0.604849 -0.868531 0.970232 -0.239397 0.170577 0.560118 0.665462 0.790564
0.000000 0.000000 0.000000 -0.514127 0.626512 0.803708 -0.214844 -0.838250 -0.209716 -0.734416 0.634508 0.435089 -0.333757 -0.287923 0.098612 -0.432698
0.000000 0.000000 0.000000 0.000000 -0.255993 -0.013945 -0.005287 -0.312695 0.200346 -0.035949 0.647956 0.357148 0.576433 -0.898169 -0.404097 0.442177
0.000000 0.000000 0.000000 0.000000 0.000000 -0.420668 0.692507 -0.074450 0.727383 -0.968448 0.686595 -0.014770 -0.608003 -0.083762 -0.207096 -0.449012
0.000000 0.000000 0.000000 0.000000 0.000000 0.000000 -0.633056 -0.333146 0.125968 -0.006023 -0.855245 -0.299975 -0.432245 0.746375 -0.994333 -0.416078
0.000000 0.000000 0.000000 0.000000 0.000000 0.000000 0.000000 0.980615 0.381060 -0.994324 -0.433621 -0.451313 -0.417151 0.412810 -0.653873 0.809352
0.000000 0.000000 0.000000 0.000000 0.000000 0.000000 0.000000 0.000000 0.751635 -0.575595 0.650557 -0.731278 0.585754 -0.614557 -0.169075 0.948556
0.000000 0.000000 0.000000 0.000000 0.000000 0.000000 0.000000 0.000000 0.000000 0.562394 -0.450008 0.335309 -0.431091 -0.952570 -0.993866 0.383288
0.000000 0.000000 0.000000 0.000000 0.000000 0.000000 0.000000 0.000000 0.000000 0.000000 0.859726 0.564562 0.451604 -0.142635 -0.905646 0.573720
0.000000 0.000000 0.000000 0.000000 0.000000 0.000000 0.000000 0.000000 0.000000 0.000000 0.000000 -0.750229 0.412726 0.998108 -0.517974 -0.843702
0.000000 0.000000 0.000000 0.000000 0.000000 0.000000 0.000000 0.000000 0.000000 0.000000 0.000000 0.000000 0.619760 0.500104 0.341091 -0.871022
0.000000 0.000000 0.000000 0.000000 0.000000 0.000000 0.000000 0.000000 0.000000 0.000000 0.000000 0.000000 0.000000 -0.123380 0.703273 -0.863646
0.000000 0.000000 0.000000 0.000000 0.000000 0.000000 0.000000 0.000000 0.000000 0.000000 0.000000 0.000000 0.000000 0.000000 -0.468197 -0.480397
0.000000 0.000000 0.000000 0.000000 0.000000 0.000000 0.000000 0.000000 0.000000 0.000000 0.000000 0.000000 0.000000 0.000000 0.000000 -0.918461
