0.036065 -0.193336 -0.094003 0.875633 -0.653073 0.690664 0.247688 -0.315251 -0.630442 -0.388308 -0.483842 -0.127781 0.720951 0.983286 -0.757789 -0.812034 0.818894 -0.708798 0.507606 -0.526225 0.184497 0.313493 -0.791788 -0.503519 -0.101360 0.027165 -0.324544 0.033699 0.568003 0.492224
0.000000 0.568371 -0.414110 -0.345925 -0.884308 -0.296780 -0.943276 -0.914818 -0.869534 -0.642296 -0.361343 -0.184629 0.100148 -0.359494 -0.743374 0.207577 0.474228 0.154922 0.255050 -0.527741 0.960250 0.055427 0.162177 0.388252 0.078036 0.798221 -0.235320 -0.940031 -0.488183 -0.998018
0.000000 0.000000 -0.176262 -0.514927 -0.207975 0.811069 0.151061 -0.930801 0.553530 0.361109 0.909155 -0.435464 0.201661 0.435795 0.721634 -0.239981 0.804451 -0.143002 0.797105 -0.965749 -0.424930 0.415310 -0.380951 0.650944 -0.666826 0.998453 0.824744 -0.254636 0.456943 0.613209
0.000000 0.000000 0.000000 0.018035 -0.712950 0.768170 0.268657 0.309957 -0.626721 -0.509766 0.721684 -0.932376 0.056291 -0.568690 0.077887 -0.014725 0.901738 -0.846665 0.277907 -0.573604 -0.891266 -0.648489 0.077951 -0.113641 -0.405311 -0.016114 0.097043 -0.389706 -0.608749 -0.486272
0.000000 0.000000 0.000000 0.000000 0.881763 -0.077599 0.579497 -0.943992 0.489540 -0.147474 0.158337 0.407699 0.282161 0.160441 0.233427 0.675825 -0.307109 -0.558866 -0.303564 -0.673251 0.421569 -0.004536 -0.521029 0.194514 -0.150790 -0.770894 -0.520095 -0.128453 -0.787413 -0.050707
0.000000 0.000000 0.000000 0.000000 0.000000 0.602479 -0.947639 0.113920 -0.589622 0.173695 -0.224435 -0.496229 0.669626 -0.161192 -0.849165 -0.707609 -0.218965 0.928136 0.868828 -0.598116 -0.045127 -0.501495 -0.015256 0.981968 -0.633608 0.161227 0.465801 -0.827290 0.123078 -0.593828
0.000000 0.000000 0.000000 0.000000 0.000000 0.000000 -0.513845 0.681314 0.260560 0.952620 -0.519781 -0.869783 -0.302595 -0.207055 -0.528352 -0.602172 0.295125 0.284272 -0.615138 0.128536 0.427942 0.696522 0.816667 -0.283207 -0.803556 -0.393406 0.968181 -0.846084 -0.507365 -0.057597
0.000000 0.000000 0.000000 0.000000 0.000000 0.000000 0.000000 0.752573 0.416775 -0.052332 -0.448303 -0.589696 0.537966 -0.868336 0.338542 0.042317 -0.417891 -0.537943 -0.248176 0.248080 0.519303 -0.019032 0.522353 0.832827 -0.225255 0.326130 -0.992430 -0.065441 -0.156654 0.282100
0.000000 0.000000 0.000000 0.000000 0.000000 0.000000 0.000000 0.000000 -0.284332 -0.905204 0.130632 -0.425294 0.917430 -0.101683 -0.149444 0.329250 -0.492057 0.236397 0.665577 0.794497 0.587995 0.721121 0.222982 0.836461 0.555857 0.661608 0.877837 -0.276540 0.745819 -0.192346
0.000000 0.000000 0.000000 0.000000 0.000000 0.000000 0.000000 0.000000 0.000000 0.795527 0.722920 0.742942 -0.577183 0.899550 0.112338 0.066570 0.188446 0.061517 0.512263 0.254362 -0.985228 -0.440032 0.659264 -0.645482 -0.103903 0.146635 0.247850 -0.747565 -0.530038 0.464270
0.000000 0.000000 0.000000 0.000000 0.000000 0.000000 0.000000 0.000000 0.000000 0.000000 -0.608708 -0.226723 -0.494661 0.228588 0.788275 -0.221691 -0.496045 0.736612 0.419374 -0.928707 0.058596 -0.332467 0.871588 0.277555 0.164687 0.672428 0.592008 0.436376 -0.425420 0.270870
0.000000 0.000000 0.000000 0.000000 0.000000 0.000000 0.000000 0.000000 0.000000 0.000000 0.000000 -0.786704 -0.372314 0.163897 0.184267 -0.888686 0.273759 0.413055 0.932896 -0.319152 0.440867 0.472941 0.576298 0.241344 -0.355416 -0.565792 0.606549 0.524380 -0.794115 0.363153
0.000000 0.000000 0.000000 0.000000 0.000000 0.000000 0.000000 0.000000 0.000000 0.000000 0.000000 0.000000 -0.883846 0.334819 0.018175 -0.513577 -0.371509 -0.630153 0.157452 -0.007916 0.361058 0.858999 -0.541734 0.311585 0.640425 0.552461 -0.308340 -0.692082 0.043454 0.649729
0.000000 0.000000 0.000000 0.000000 0.000000 0.000000 0.000000 0.000000 0.000000 0.000000 0.000000 0.000000 0.000000 -0.985465 -0.975204 0.818514 0.081678 0.619319 0.207759 -0.166630 -0.043635 -0.693705 0.438936 -0.285927 0.319973 0.519699 -0.959780 0.242246 0.116804 -0.034874
0.000000 0.000000 0.000000 0.000000 0.000000 0.000000 0.000000 0.000000 0.000000 0.000000 0.000000 0.000000 0.000000 0.000000 -0.972830 -0.261823 -0.666322 0.287961 0.476493 -0.388741 0.667865 0.833453 -0.453302 0.720661 0.172457 0.545474 -0.107936 0.034453 0.666540 0.468819
0.000000 0.000000 0.000000 0.000000 0.000000 0.000000 0.000000 0.000000 0.000000 0.000000 0.000000 0.000000 0.000000 0.000000 0.000000 0.881622 0.918246 0.297203 0.547565 -0.952113 0.426909 0.601933 -0.382439 0.408191 0.850198 0.387753 -0.101087 -0.529763 -0.986091 -0.177754
0.000000 0.000000 0.000000 0.000000 0.000000 0.000000 0.000000 0.000000 0.000000 0.000000 0.000000 0.000000 0.000000 0.000000 0.000000 0.000000 -0.923255 -0.477274 -0.257399 -0.141878 -0.494521 0.602493 -0.992792 0.697611 0.970842 -0.732104 -0.042631 0.433784 0.064113 0.923479
0.000000 0.000000 0.000000 0.000000 0.000000 0.000000 0.000000 0.000000 0.000000 0.000000 0.000000 0.000000 0.000000 0.000000 0.000000 0.000000 0.000000 -0.418485 0.515687 0.642327 -0.145362 -0.572321 0.489731 0.503761 0.958628 -0.969737 -0.226997 -0.211520 -0.352344 -0.528060
0.000000 0.000000 0.000000 0.000000 0.000000 0.000000 0.000000 0.000000 0.000000 0.000000 0.000000 0.000000 0.000000 0.000000 0.000000 0.000000 0.000000 0.000000 -0.450734 -0.768438 0.211690 0.900415 0.193964 -0.596793 -0.638469 0.917632 -0.040402 0.400272 0.140786 -0.295320
0.000000 0.000000 0.000000 0.000000 0.000000 0.000000 0.000000 0.000000 0.000000 0.000000 0.000000 0.000000 0.000000 0.000000 0.000000 0.000000 0.000000 0.000000 0.000000 -0.451824 0.257286 -0.009365 -0.243895 0.741736 -0.548105 -0.080356 -0.788141 -0.248905 0.449764 0.329103
0.000000 0.000000 0.000000 0.000000 0.000000 0.000000 0.000000 0.000000 0.000000 0.000000 0.000000 0.000000 0.000000 0.000000 0.000000 0.000000 0.000000 0.000000 0.000000 0.000000 0.875868 -0.724077 0.030212 -0.540787 -0.588379 0.026437 -0.623997 -0.958547 -0.924253 -0.412949
0.000000 0.000000 0.000000 0.000000 0.000000 0.000000 0.000000 0.000000 0.000000 0.000000 0.000000 0.000000 0.000000 0.000000 0.000000 0.000000 0.000000 0.000000 0.000000 0.000000 0.000000 -0.756087 -0.613031 0.715402 -0.264659 0.905147 0.204499 -0.795685 -0.494829 0.511399
0.000000 0.000000 0.000000 0.000000 0.000000 0.000000 0.000000 0.000000 0.000000 0.000000 0.000000 0.000000 0.000000 0.000000 0.000000 0.000000 0.000000 0.000000 0.000000 0.000000 0.000000 0.000000 -0.748441 -0.796432 -0.405984 -0.550953 0.597488 -0.540783 -0.286469 -0.590666
0.000000 0.000000 0.000000 0.000000 0.000000 0.000000 0.000000 0.000000 0.000000 0.000000 0.000000 0.000000 0.000000 0.000000 0.000000 0.000000 0.000000 0.000000 0.000000 0.000000 0.000000 0.000000 0.000000 0.905361 -0.907544 0.694653 0.815070 0.972910 0.379804 0.800470
0.000000 0.000000 0.000000 0.000000 0.000000 0.000000 0.000000 0.000000 0.000000 0.000000 0.000000 0.000000 0.000000 0.000000 0.000000 0.000000 0.000000 0.000000 0.000000 0.000000 0.000000 0.000000 0.000000 0.000000 -0.025390 0.906482 -0.319159 -0.366895 0.316205 -0.267417
0.000000 0.000000 0.000000 0.000000 0.000000 0.000000 0.000000 0.000000 0.000000 0.000000 0.000000 0.000000 0.000000 0.000000 0.000000 0.000000 0.000000 0.000000 0.000000 0.000000 0.000000 0.000000 0.000000 0.000000 0.000000 -0.499228 -0.562372 0.734582 -0.857089 0.591218
0.000000 0.000000 0.000000 0.000000 0.000000 0.000000 0.000000 0.000000 0.000000 0.000000 0.000000 0.000000 0.000000 0.000000 0.000000 0.000000 0.000000 0.000000 0.000000 0.000000 0.000000 0.000000 0.000000 0.000000 0.000000 0.000000 -0.705411 0.737350 -0.059717 0.218765
0.000000 0.000000 0.000000 0.000000 0.000000 0.000000 0.000000 0.000000 0.000000 0.000000 0.000000 0.000000 0.000000 0.000000 0.000000 0.000000 0.000000 0.000000 0.000000 0.000000 0.000000 0.000000 0.000000 0.000000 0.000000 0.000000 0.000000 0.736242 0.883815 -0.944010
0.000000 0.000000 0.000000 0.000000 0.000000 0.000000 0.000000 0.000000 0.000000 0.000000 0.000000 0.000000 0.000000 0.000000 0.000000 0.000000 0.000000 0.000000 0.000000 0.000000 0.000000 0.000000 0.000000 0.000000 0.000000 0.000000 0.000000 0.000000 0.034777 -0.288465
0.000000 0.000000 0.000000 0.000000 0.000000 0.000000 0.000000 0.000000 0.000000 0.000000 0.000000 0.000000 0.000000 0.000000 0.000000 0.000000 0.000000 0.000000 0.000000 0.000000 0.000000 0.000000 0.000000 0.000000 0.000000 0.000000 0.000000 0.000000 0.000000 -0.776356
