0.13620541 0.47975208 -0.73593485 -0.58224158 0.93695525 0.81840786 -0.72697185 -0.76160165 -0.46781488 -0.71683337 0.28810058 -0.17026722 -0.35795235 0.09122486 0.15956576 0.81661473 0.20965109 -0.71532331 0.99691997 -0.89142133
0.00000000 -0.29070319 -0.52264066 0.84837884 0.01925753 -0.14980213 -0.24578326 0.01023701 0.64284977 -0.54877989 -0.41779389 -0.92928749 0.76846154 0.78448351 -0.96796263 0.72122899 0.94708124 0.15286257 -0.89900288 0.65804420
0.00000000 0.00000000 -0.42583573 0.70960874 -0.40510359 -0.63689668 -0.45519132 -0.57926068 0.92154145 -0.73097585 -0.70363598 -0.12338507 -0.18015443 -0.78897384 -0.00314097 0.55334690 0.06119647 0.86365324 -0.58321562 0.03978981
0.00000000 0.00000000 0.00000000 0.87923899 -0.09037913 -0.64193861 0.12484051 0.59129428 0.91118388 0.63303189 -0.50062335 0.40245438 0.98808082 0.72309626 -0.35576955 -0.80722940 -0.40841837 -0.83710862 0.80894337 -0.20970317
0.00000000 0.00000000 0.00000000 0.00000000 0.44344542 -0.03241457 -0.45448053 -0.65268260 -0.03134760 -0.03527993 0.97098358 -0.10627611 -0.82037563 -0.54986601 -0.36189655 -0.72261268 0.86694638 0.93200486 0.63308418 -0.80079076
0.00000000 0.00000000 0.00000000 0.00000000 0.00000000 0.60773454 0.10202516 0.94223810 -0.91820206 -0.76302251 -0.36696305 0.20526768 0.94453304 -0.94952140 0.01525136 0.32995202 0.96057615 0.98713542 0.54912240 0.86876130
0.00000000 0.00000000 0.00000000 0.00000000 0.00000000 0.00000000 -0.99183417 0.88075487 0.09108877 0.21004947 0.16589305 0.12595831 -0.63390760 -0.88606150 -0.99038938 -0.37665624 0.70234174 -0.41462702 -0.14003864 -0.15514372
0.00000000 0.00000000 0.00000000 0.00000000 0.00000000 0.00000000 0.00000000 -0.51810815 -0.80604433 0.92875392 -0.11609796 0.28707616 -0.71748867 0.28764816 -0.23706313 0.58889185 0.52385659 -0.85045589 -0.76932428 -0.70226697
0.00000000 0.00000000 0.00000000 0.00000000 0.00000000 0.00000000 0.00000000 0.00000000 0.32810194 0.41850689 -0.29246739 0.18770624 -0.24027497 -0.04218095 0.96547475 -0.35555310 0.03256449 0.18577270 -0.72567192 -0.21417435
0.00000000 0.00000000 0.00000000 0.00000000 0.00000000 0.00000000 0.00000000 0.00000000 0.00000000 -0.89068787 -0.41067946 0.62748567 0.67739904 -0.06067987 0.48276406 -0.25889493 -0.52803558 0.42780956 0.43510698 -0.30950605
0.00000000 0.00000000 0.00000000 0.00000000 0.00000000 0.00000000 0.00000000 0.00000000 0.00000000 0.00000000 0.06759123 0.35575174 0.15932290 0.70948480 0.84665055 -0.18945075 -0.14792345 0.71556004 0.81482000 -0.10893174
0.00000000 0.00000000 0.00000000 0.00000000 0.00000000 0.00000000 0.00000000 0.00000000 0.00000000 0.00000000 0.00000000 0.28250172 0.70928351 -0.27193006 0.66424378 -0.34995929 -0.84765217 -0.87968054 -0.74876945 -0.89985627
0.00000000 0.00000000 0.00000000 0.00000000 0.00000000 0.00000000 0.00000000 0.00000000 0.00000000 0.00000000 0.00000000 0.00000000 0.24926787 -0.91466555 0.70213560 0.63039836 0.91297531 0.59884069 -0.43137116 -0.34596853
0.00000000 0.00000000 0.00000000 0.00000000 0.00000000 0.00000000 0.00000000 0.00000000 0.00000000 0.00000000 0.00000000 0.00000000 0.00000000 0.38151899 -0.59101159 -0.63052358 0.22264069 0.08145952 -0.96979162 -0.70844202
0.00000000 0.00000000 0.00000000 0.00000000 0.00000000 0.00000000 0.00000000 0.00000000 0.00000000 0.00000000 0.00000000 0.00000000 0.00000000 0.00000000 0.88197185 0.94784342 -0.50109239 -0.64441893 -0.32335896 0.35524538
0.00000000 0.00000000 0.00000000 0.00000000 0.00000000 0.00000000 0.00000000 0.00000000 0.00000000 0.00000000 0.00000000 0.00000000 0.00000000 0.00000000 0.00000000 -0.01017304 -0.00700308 0.41914622 -0.94239505 -0.09693243
0.00000000 0.00000000 0.00000000 0.00000000 0.00000000 0.00000000 0.00000000 0.00000000 0.00000000 0.00000000 0.00000000 0.00000000 0.00000000 0.00000000 0.00000000 0.00000000 0.03318931 -0.04803936 -0.12889151 -0.35142473
0.00000000 0.00000000 0.00000000 0.00000000 0.00000000 0.00000000 0.00000000 0.00000000 0.00000000 0.00000000 0.00000000 0.00000000 0.00000000 0.00000000 0.00000000 0.00000000 0.00000000 0.14227163 -0.86776016 -0.29970331
0.00000000 0.00000000 0.00000000 0.00000000 0.00000000 0.00000000 0.00000000 0.00000000 0.00000000 0.00000000 0.00000000 0.00000000 0.00000000 0.00000000 0.00000000 0.00000000 0.00000000 0.00000000 -0.05712139 -0.71479905
0.00000000 0.00000000 0.00000000 0.00000000 0.00000000 0.00000000 0.00000000 0.00000000 0.00000000 0.00000000 0.00000000 0.00000000 0.00000000 0.00000000 0.00000000 0.00000000 0.00000000 0.00000000 0.00000000 0.64060856
